k x dx P11 P12 P21 P22 rx rdx z 
0 0.000000 0.000000 0.000001 0.000020 0.000020 0.000400 0.000000 0.000000 2.118891 
1 0.000499 0.009990 0.000010 0.000080 0.000080 0.000800 0.000500 0.010000 -13.445653 
2 0.001997 0.019986 0.000035 0.000180 0.000180 0.001200 0.002000 0.020000 -1.897050 
3 0.004493 0.029978 0.000084 0.000320 0.000320 0.001600 0.004500 0.030000 -2.643220 
4 0.008030 0.040094 0.000165 0.000500 0.000500 0.002000 0.008000 0.040000 23.240994 
5 0.012521 0.050048 0.000286 0.000720 0.000720 0.002400 0.012500 0.050000 -6.342308 
6 0.017986 0.059963 0.000455 0.000980 0.000980 0.002800 0.018000 0.060000 -8.720523 
7 0.024486 0.069971 0.000680 0.001280 0.001280 0.003200 0.024500 0.070000 0.669947 
8 0.032044 0.080071 0.000969 0.001620 0.001620 0.003600 0.032000 0.080000 6.226493 
9 0.040561 0.090086 0.001330 0.002000 0.002000 0.004000 0.040500 0.090000 0.786602 
10 0.049997 0.099987 0.001771 0.002420 0.002420 0.004400 0.050000 0.100000 -4.041087 
11 0.060550 0.110055 0.002300 0.002880 0.002880 0.004800 0.060500 0.110000 2.420514 
12 0.072489 0.120556 0.002925 0.003380 0.003380 0.005200 0.072000 0.120000 14.892529 
13 0.085017 0.130527 0.003653 0.003919 0.003919 0.005599 0.084500 0.130000 -0.664945 
14 0.098641 0.140598 0.004494 0.004499 0.004499 0.005999 0.098000 0.140000 1.694050 
15 0.113810 0.151170 0.005455 0.005119 0.005119 0.006399 0.112500 0.150000 11.280420 
16 0.129671 0.161385 0.006543 0.005778 0.005778 0.006799 0.128000 0.160000 3.854221 
17 0.146199 0.171293 0.007767 0.006478 0.006478 0.007198 0.144500 0.170000 -1.276522 
18 0.162396 0.180162 0.009135 0.007217 0.007217 0.007598 0.162000 0.180000 -15.512355 
19 0.180665 0.189976 0.010654 0.007996 0.007996 0.007997 0.180500 0.190000 -2.140381 
20 0.197965 0.198405 0.012333 0.008814 0.008814 0.008396 0.200000 0.200000 -17.618928 
21 0.220143 0.209659 0.014179 0.009673 0.009673 0.008795 0.220500 0.210000 13.174417 
22 0.240697 0.219064 0.016199 0.010571 0.010571 0.009194 0.242000 0.220000 -5.386475 
23 0.261789 0.228242 0.018403 0.011508 0.011508 0.009593 0.264500 0.230000 -6.877947 
24 0.288945 0.240542 0.020797 0.012485 0.012485 0.009991 0.288000 0.240000 18.710020 
25 0.315390 0.251634 0.023390 0.013501 0.013501 0.010390 0.312500 0.250000 8.399042 
26 0.342247 0.262297 0.026188 0.014556 0.014556 0.010787 0.338000 0.260000 4.897249 
27 0.367011 0.271244 0.029199 0.015650 0.015650 0.011185 0.364500 0.270000 -6.362023 
28 0.390093 0.278893 0.032432 0.016783 0.016783 0.011582 0.392000 0.280000 -13.612256 
29 0.414322 0.286812 0.035892 0.017955 0.017955 0.011979 0.420500 0.290000 -11.172945 
30 0.431605 0.291052 0.039588 0.019165 0.019165 0.012375 0.450000 0.300000 -29.610983 
31 0.465648 0.303133 0.043527 0.020414 0.020414 0.012771 0.480500 0.310000 10.655719 
32 0.496565 0.313180 0.047716 0.021700 0.021700 0.013166 0.512000 0.320000 0.714115 
33 0.523813 0.321163 0.052161 0.023025 0.023025 0.013561 0.544500 0.330000 -8.231930 
34 0.552993 0.329689 0.056870 0.024387 0.024387 0.013955 0.578000 0.340000 -5.485487 
35 0.594062 0.342858 0.061850 0.025787 0.025787 0.014348 0.612500 0.350000 12.874387 
36 0.627743 0.352410 0.067107 0.027223 0.027223 0.014741 0.648000 0.360000 -1.018792 
37 0.673497 0.366365 0.072647 0.028697 0.028697 0.015133 0.684500 0.370000 14.447316 
38 0.719282 0.379694 0.078477 0.030206 0.030206 0.015524 0.722000 0.380000 11.731091 
39 0.769505 0.394105 0.084603 0.031752 0.031752 0.015914 0.760500 0.390000 14.650734 
40 0.808298 0.403696 0.091031 0.033333 0.033333 0.016302 0.800000 0.400000 -0.418614 
41 0.842643 0.411364 0.097765 0.034949 0.034949 0.016690 0.840500 0.410000 -5.824226 
42 0.879805 0.419801 0.104813 0.036599 0.036599 0.017077 0.882000 0.420000 -3.385412 
43 0.908652 0.425148 0.112179 0.038284 0.038284 0.017462 0.924500 0.430000 -11.230471 
44 0.947179 0.433651 0.119867 0.040002 0.040002 0.017846 0.968000 0.440000 -2.792422 
45 1.007778 0.449114 0.127884 0.041753 0.041753 0.018229 1.012500 0.450000 14.076249 
46 1.053108 0.459088 0.136232 0.043537 0.043537 0.018610 1.058000 0.460000 0.994029 
47 1.100790 0.469487 0.144916 0.045352 0.045352 0.018989 1.104500 0.470000 1.977915 
48 1.144875 0.478455 0.153940 0.047198 0.047198 0.019367 1.152000 0.480000 -1.036812 
49 1.190924 0.487765 0.163307 0.049075 0.049075 0.019743 1.200500 0.490000 -0.213349 
50 1.235066 0.496252 0.173020 0.050981 0.050981 0.020117 1.250000 0.500000 -1.727385 
51 1.301405 0.510938 0.183083 0.052915 0.052915 0.020489 1.300500 0.510000 10.141056 
52 1.336795 0.516343 0.193497 0.054878 0.054878 0.020858 1.352000 0.520000 -7.021069 
53 1.385848 0.525485 0.204264 0.056867 0.056867 0.021226 1.404500 0.530000 -0.119596 
54 1.399550 0.524728 0.215385 0.058883 0.058883 0.021591 1.458000 0.540000 -16.829028 
55 1.482123 0.542677 0.226863 0.060923 0.060923 0.021954 1.512500 0.550000 14.500156 
56 1.495244 0.541688 0.238697 0.062988 0.062988 0.022314 1.568000 0.560000 -15.910703 
57 1.499567 0.538629 0.250888 0.065076 0.065076 0.022672 1.624500 0.570000 -18.517129 
58 1.560885 0.550403 0.263435 0.067185 0.067185 0.023027 1.682000 0.580000 4.194244 
59 1.623029 0.562059 0.276337 0.069316 0.069316 0.023378 1.740500 0.590000 4.005962 
60 1.672769 0.570340 0.289594 0.071466 0.071466 0.023727 1.800000 0.600000 -0.725430 
61 1.719456 0.577706 0.303204 0.073635 0.073635 0.024073 1.860500 0.610000 -1.847326 
62 1.764243 0.584482 0.317163 0.075821 0.075821 0.024415 1.922000 0.620000 -2.473475 
63 1.778523 0.583968 0.331470 0.078023 0.078023 0.024754 1.984500 0.630000 -11.652600 
64 1.820932 0.590146 0.346121 0.080240 0.080240 0.025089 2.048000 0.640000 -2.926192 
65 1.944238 0.614715 0.361112 0.082470 0.082470 0.025421 2.112500 0.650000 19.545788 
66 1.964723 0.615379 0.376439 0.084712 0.084712 0.025749 2.178000 0.660000 -9.014673 
67 1.991601 0.617580 0.392096 0.086964 0.086964 0.026073 2.244500 0.670000 -6.940393 
68 1.982962 0.612079 0.408079 0.089226 0.089226 0.026393 2.312000 0.680000 -15.319517 
69 2.014427 0.615558 0.424381 0.091496 0.091496 0.026709 2.380500 0.690000 -5.081645 
70 2.101410 0.630859 0.440994 0.093771 0.093771 0.027021 2.450000 0.700000 7.729024 
71 2.193729 0.646886 0.457913 0.096051 0.096051 0.027328 2.520500 0.710000 8.439716 
72 2.272017 0.659597 0.475130 0.098335 0.098335 0.027631 2.592000 0.720000 5.016034 
73 2.282859 0.658237 0.492635 0.100620 0.100620 0.027929 2.664500 0.730000 -8.951361 
74 2.352665 0.668939 0.510420 0.102905 0.102905 0.028223 2.738000 0.740000 3.031418 
75 2.493775 0.693612 0.528477 0.105188 0.105188 0.028512 2.812500 0.750000 16.368847 
76 2.548952 0.700726 0.546794 0.107468 0.107468 0.028796 2.888000 0.760000 -0.121973 
77 2.629803 0.712721 0.565363 0.109744 0.109744 0.029074 2.964500 0.770000 4.437625 
78 2.783024 0.738339 0.584170 0.112013 0.112013 0.029348 3.042000 0.780000 16.644283 
79 2.944437 0.764835 0.603207 0.114275 0.114275 0.029617 3.120500 0.790000 17.293310 
80 3.070635 0.784048 0.622460 0.116526 0.116526 0.029880 3.200000 0.800000 10.927806 
81 3.129805 0.790397 0.641918 0.118767 0.118767 0.030138 3.280500 0.810000 0.075242 
82 3.148607 0.789288 0.661568 0.120995 0.120995 0.030391 3.362000 0.820000 -5.971562 
83 3.169886 0.788774 0.681397 0.123209 0.123209 0.030638 3.444500 0.830000 -5.305830 
84 3.122739 0.776152 0.701392 0.125407 0.125407 0.030880 3.528000 0.840000 -14.789747 
85 3.180959 0.782634 0.721539 0.127588 0.127588 0.031116 3.612500 0.850000 0.443487 
86 3.217067 0.785173 0.741825 0.129749 0.129749 0.031346 3.698000 0.860000 -2.490336 
87 3.236390 0.784844 0.762234 0.131891 0.131891 0.031571 3.784500 0.870000 -4.535383 
88 3.424590 0.813542 0.782754 0.134011 0.134011 0.031790 3.872000 0.880000 17.268053 
89 3.485222 0.819947 0.803369 0.136107 0.136107 0.032003 3.960500 0.890000 0.864814 
90 3.668068 0.846774 0.824064 0.138180 0.138180 0.032210 4.050000 0.900000 15.745395 
91 3.691396 0.846508 0.844825 0.140226 0.140226 0.032412 4.140500 0.910000 -3.567780 
92 3.742943 0.850986 0.865636 0.142245 0.142245 0.032608 4.232000 0.920000 -0.105446 
93 3.732340 0.845333 0.886484 0.144236 0.144236 0.032798 4.324500 0.930000 -7.023539 
94 3.819559 0.855685 0.907352 0.146197 0.146197 0.032982 4.418000 0.940000 4.058270 
95 4.072528 0.892320 0.928225 0.148127 0.148127 0.033161 4.512500 0.950000 21.886281 
96 4.125659 0.896534 0.949089 0.150026 0.150026 0.033334 4.608000 0.960000 0.305790 
97 4.324559 0.923564 0.969929 0.151892 0.151892 0.033501 4.704500 0.970000 15.427650 
98 4.346967 0.922633 0.990730 0.153724 0.153724 0.033662 4.802000 0.980000 -2.693356 
99 4.426539 0.930605 1.011476 0.155521 0.155521 0.033818 4.900500 0.990000 3.135609 
100 4.810988 0.984931 1.032155 0.157282 0.157282 0.033968 5.000000 1.000000 32.702729 
101 4.836991 0.983907 1.052752 0.159007 0.159007 0.034112 5.100500 1.010000 -2.023353 
102 4.928961 0.992870 1.073251 0.160695 0.160695 0.034251 5.202000 1.020000 4.291109 
103 5.166991 1.023392 1.093641 0.162345 0.162345 0.034385 5.304500 1.030000 17.669360 
104 5.289410 1.036274 1.113907 0.163957 0.163957 0.034513 5.408000 1.040000 7.027592 
105 5.325521 1.036346 1.134037 0.165529 0.165529 0.034636 5.512500 1.050000 -0.604236 
106 5.459953 1.050732 1.154017 0.167062 0.167062 0.034753 5.618000 1.060000 8.055081 
107 5.593185 1.064703 1.173835 0.168556 0.168556 0.034866 5.724500 1.070000 7.921774 
108 5.707180 1.075704 1.193480 0.170009 0.170009 0.034973 5.832000 1.080000 6.288730 
109 5.712474 1.071179 1.212940 0.171421 0.171421 0.035076 5.940500 1.090000 -2.658003 
110 5.766272 1.073632 1.232203 0.172793 0.172793 0.035174 6.050000 1.100000 1.452305 
111 5.970269 1.097010 1.251260 0.174124 0.174124 0.035267 6.160500 1.110000 13.557059 
112 6.349945 1.144227 1.270099 0.175414 0.175414 0.035355 6.272000 1.120000 27.297333 
113 6.678194 1.183471 1.288712 0.176663 0.176663 0.035439 6.384500 1.130000 23.018325 
114 6.684156 1.178109 1.307089 0.177871 0.177871 0.035518 6.498000 1.140000 -1.839363 
115 6.732073 1.178599 1.325221 0.179039 0.179039 0.035593 6.612500 1.150000 1.490634 
116 6.916825 1.197505 1.343101 0.180165 0.180165 0.035664 6.728000 1.160000 11.793591 
117 7.000622 1.202649 1.360721 0.181251 0.181251 0.035731 6.844500 1.170000 4.358144 
118 7.185825 1.221173 1.378073 0.182297 0.182297 0.035794 6.962000 1.180000 11.797333 
119 7.325592 1.233427 1.395152 0.183303 0.183303 0.035854 7.080500 1.190000 8.537642 
120 7.424356 1.240154 1.411950 0.184269 0.184269 0.035909 7.200000 1.200000 5.673248 
121 7.631095 1.260814 1.428464 0.185197 0.185197 0.035961 7.320500 1.210000 13.304997 
122 7.261874 1.206951 1.444686 0.186085 0.186085 0.036010 7.442000 1.220000 -26.561385 
123 7.486959 1.230247 1.460614 0.186935 0.186935 0.036055 7.564500 1.230000 14.495836 
124 7.620330 1.241500 1.476243 0.187747 0.187747 0.036097 7.688000 1.240000 8.277452 
125 7.652893 1.239861 1.491570 0.188523 0.188523 0.036137 7.812500 1.250000 1.571186 
126 8.072271 1.286905 1.506592 0.189261 0.189261 0.036173 7.938000 1.260000 27.350804 
127 8.295695 1.308672 1.521305 0.189964 0.189964 0.036207 8.064500 1.270000 14.395716 
128 8.547511 1.333624 1.535709 0.190631 0.190631 0.036238 8.192000 1.280000 16.270258 
129 8.641482 1.338701 1.549802 0.191264 0.191264 0.036266 8.320500 1.290000 6.107453 
130 8.708275 1.340409 1.563582 0.191863 0.191863 0.036292 8.450000 1.300000 4.453862 
131 8.605762 1.321484 1.577050 0.192429 0.192429 0.036316 8.580500 1.310000 -6.188672 
132 8.904575 1.351647 1.590204 0.192963 0.192963 0.036337 8.712000 1.320000 19.187731 
133 8.840069 1.337489 1.603044 0.193465 0.193465 0.036357 8.844500 1.330000 -3.446712 
134 9.106372 1.363341 1.615572 0.193936 0.193936 0.036375 8.978000 1.340000 17.148188 
135 9.153568 1.362637 1.627789 0.194377 0.194377 0.036391 9.112500 1.350000 3.736458 
136 9.244428 1.367184 1.639695 0.194789 0.194789 0.036405 9.248000 1.360000 6.490763 
137 9.307381 1.368406 1.651292 0.195172 0.195172 0.036418 9.384500 1.370000 4.884230 
138 9.689228 1.407162 1.662583 0.195528 0.195528 0.036429 9.522000 1.380000 24.151145 
139 9.670861 1.398486 1.673569 0.195857 0.195857 0.036439 9.660500 1.390000 0.294948 
140 9.840897 1.411943 1.684252 0.196161 0.196161 0.036447 9.800000 1.400000 11.573857 
141 9.627605 1.380794 1.694637 0.196439 0.196439 0.036455 9.940500 1.410000 -10.965032 
142 9.456947 1.355114 1.704726 0.196693 0.196693 0.036461 10.082000 1.420000 -8.373797 
143 9.247003 1.325378 1.714521 0.196924 0.196924 0.036467 10.224500 1.430000 -10.584993 
144 9.544290 1.354159 1.724028 0.197133 0.197133 0.036471 10.368000 1.440000 18.907084 
145 9.653364 1.361104 1.733249 0.197320 0.197320 0.036475 10.512500 1.450000 8.131555 
146 9.660690 1.356448 1.742188 0.197485 0.197485 0.036478 10.658000 1.460000 2.369141 
147 9.696090 1.355077 1.750850 0.197631 0.197631 0.036480 10.804500 1.470000 4.042821 
148 9.718928 1.352355 1.759238 0.197758 0.197758 0.036482 10.952000 1.480000 3.399192 
149 9.878342 1.365006 1.767358 0.197866 0.197866 0.036484 11.100500 1.490000 11.194455 
150 10.028905 1.376518 1.775214 0.197957 0.197957 0.036485 11.250000 1.500000 10.779301 
151 10.283793 1.399485 1.782810 0.198031 0.198031 0.036486 11.400500 1.510000 16.714950 
152 10.482692 1.415953 1.790152 0.198089 0.198089 0.036486 11.552000 1.520000 13.689332 
153 10.522037 1.414626 1.797243 0.198131 0.198131 0.036486 11.704500 1.530000 4.907722 
154 10.510044 1.407715 1.804090 0.198159 0.198159 0.036486 11.858000 1.540000 2.130271 
155 10.696396 1.422649 1.810697 0.198174 0.198174 0.036486 12.012500 1.550000 13.140975 
156 10.863492 1.435303 1.817069 0.198175 0.198175 0.036486 12.168000 1.560000 12.178212 
157 11.107431 1.456162 1.823212 0.198163 0.198163 0.036486 12.324500 1.570000 16.487313 
158 11.008744 1.439644 1.829130 0.198140 0.198140 0.036487 12.482000 1.580000 -2.130028 
159 10.780805 1.409435 1.834828 0.198106 0.198106 0.036487 12.640500 1.590000 -9.143135 
160 10.964483 1.423981 1.840313 0.198061 0.198061 0.036487 12.800000 1.600000 13.217222 
161 11.429984 1.468592 1.845589 0.198007 0.198007 0.036488 12.960500 1.610000 28.587049 
162 11.610202 1.482106 1.850661 0.197943 0.197943 0.036489 13.122000 1.620000 13.352869 
163 12.097458 1.528208 1.855534 0.197871 0.197871 0.036490 13.284500 1.630000 30.004082 
164 12.449942 1.559385 1.860214 0.197791 0.197791 0.036491 13.448000 1.640000 22.957225 
165 12.519149 1.560136 1.864706 0.197704 0.197704 0.036493 13.612500 1.650000 7.928366 
166 12.765169 1.579599 1.869016 0.197609 0.197609 0.036495 13.778000 1.660000 17.464631 
167 13.014559 1.599187 1.873147 0.197508 0.197508 0.036497 13.944500 1.670000 17.778003 
168 13.127203 1.604163 1.877105 0.197402 0.197402 0.036500 14.112000 1.680000 10.629840 
169 13.297911 1.615190 1.880896 0.197290 0.197290 0.036503 14.280500 1.690000 13.808735 
170 13.545235 1.634115 1.884523 0.197173 0.197173 0.036507 14.450000 1.700000 17.986552 
171 13.474052 1.619578 1.887993 0.197052 0.197052 0.036511 14.620500 1.710000 1.257051 
172 13.592917 1.625039 1.891309 0.196927 0.196927 0.036516 14.792000 1.720000 11.331578 
173 13.936507 1.653799 1.894477 0.196798 0.196798 0.036521 14.964500 1.730000 23.288158 
174 14.034650 1.656778 1.897501 0.196666 0.196666 0.036527 15.138000 1.740000 10.532606 
175 14.158366 1.662387 1.900387 0.196532 0.196532 0.036533 15.312500 1.750000 11.966467 
176 14.334436 1.673350 1.903137 0.196395 0.196395 0.036540 15.488000 1.760000 14.815416 
177 14.645409 1.698090 1.905758 0.196256 0.196256 0.036547 15.664500 1.770000 22.013086 
178 14.779444 1.704362 1.908253 0.196116 0.196116 0.036555 15.842000 1.780000 12.914789 
179 15.023847 1.721898 1.910627 0.195974 0.195974 0.036564 16.020500 1.790000 18.795572 
180 15.357418 1.748368 1.912883 0.195831 0.195831 0.036573 16.200000 1.800000 23.606946 
181 15.277911 1.732327 1.915027 0.195688 0.195688 0.036582 16.380500 1.810000 2.225171 
182 15.571166 1.754518 1.917062 0.195544 0.195544 0.036593 16.562000 1.820000 21.686278 
183 15.747833 1.764591 1.918992 0.195400 0.195400 0.036603 16.744500 1.830000 15.784398 
184 15.961209 1.778293 1.920821 0.195257 0.195257 0.036615 16.928000 1.840000 17.820687 
185 16.018801 1.776040 1.922552 0.195113 0.195113 0.036626 17.112500 1.850000 9.859501 
186 16.089745 1.775182 1.924191 0.194971 0.194971 0.036639 17.298000 1.860000 10.627828 
187 16.455095 1.804134 1.925739 0.194829 0.194829 0.036652 17.484500 1.870000 25.995551 
188 16.708263 1.821433 1.927202 0.194689 0.194689 0.036665 17.672000 1.880000 20.385186 
189 16.865166 1.828837 1.928582 0.194549 0.194549 0.036679 17.860500 1.890000 15.556247 
190 17.175191 1.851594 1.929882 0.194411 0.194411 0.036694 18.050000 1.900000 23.610640 
191 17.530988 1.878711 1.931106 0.194275 0.194275 0.036709 18.240500 1.910000 26.171259 
192 17.687120 1.885471 1.932257 0.194141 0.194141 0.036725 18.432000 1.920000 16.050864 
193 18.256587 1.933646 1.933339 0.194009 0.194009 0.036741 18.624500 1.930000 37.553010 
194 18.437425 1.942341 1.934354 0.193878 0.193878 0.036758 18.818000 1.940000 17.777009 
195 18.569780 1.946096 1.935305 0.193751 0.193751 0.036775 19.012500 1.950000 15.408939 
196 18.971185 1.976726 1.936195 0.193625 0.193625 0.036793 19.208000 1.960000 29.419568 
197 19.262879 1.996068 1.937027 0.193502 0.193502 0.036811 19.404500 1.970000 23.997479 
198 19.657406 2.025470 1.937804 0.193382 0.193382 0.036829 19.602000 1.980000 29.495996 
199 19.685498 2.018028 1.938528 0.193264 0.193264 0.036849 19.800500 1.990000 10.835308 
200 19.816635 2.020940 1.939201 0.193149 0.193149 0.036868 20.000000 2.000000 16.217938 
201 19.810400 2.010158 1.939827 0.193038 0.193038 0.036888 20.200500 2.010000 9.253906 
202 19.837960 2.002863 1.940408 0.192929 0.192929 0.036908 20.402000 2.020000 11.046992 
203 20.092501 2.018203 1.940945 0.192823 0.192823 0.036929 20.604500 2.030000 22.808269 
204 20.790002 2.077358 1.941442 0.192720 0.192720 0.036951 20.808000 2.040000 45.800631 
205 21.000612 2.087593 1.941900 0.192621 0.192621 0.036972 21.012500 2.050000 21.120482 
206 21.419401 2.118362 1.942321 0.192524 0.192524 0.036994 21.218000 2.060000 31.997494 
207 21.800031 2.145032 1.942708 0.192431 0.192431 0.037017 21.424500 2.070000 30.294576 
208 21.893542 2.143006 1.943063 0.192342 0.192342 0.037039 21.632000 2.080000 15.762441 
209 21.982699 2.140576 1.943386 0.192255 0.192255 0.037062 21.840500 2.090000 15.643124 
210 22.184109 2.149276 1.943681 0.192172 0.192172 0.037086 22.050000 2.100000 21.520854 
211 22.349870 2.154368 1.943949 0.192093 0.192093 0.037109 22.260500 2.110000 19.844604 
212 22.684722 2.176113 1.944191 0.192016 0.192016 0.037133 22.472000 2.120000 28.682216 
213 23.260365 2.221407 1.944410 0.191943 0.191943 0.037158 22.684500 2.130000 41.290508 
214 23.361814 2.219449 1.944606 0.191874 0.191874 0.037182 22.898000 2.140000 17.250826 
215 23.452339 2.216438 1.944782 0.191808 0.191808 0.037207 23.112500 2.150000 16.800964 
216 23.672798 2.226272 1.944938 0.191745 0.191745 0.037232 23.328000 2.160000 23.587852 
217 23.871414 2.233856 1.945077 0.191686 0.191686 0.037257 23.544500 2.170000 22.635793 
218 23.511659 2.186359 1.945199 0.191630 0.191630 0.037283 23.762000 2.180000 -5.908876 
219 23.814370 2.204590 1.945306 0.191578 0.191578 0.037308 23.980500 2.190000 28.027073 
220 24.064851 2.217496 1.945399 0.191529 0.191529 0.037334 24.200000 2.200000 25.552820 
221 23.960119 2.195313 1.945480 0.191483 0.191483 0.037360 24.420500 2.210000 7.479875 
222 23.785691 2.166499 1.945548 0.191441 0.191441 0.037387 24.642000 2.220000 3.905178 
223 24.008644 2.177069 1.945606 0.191402 0.191402 0.037413 24.864500 2.230000 24.301100 
224 24.383578 2.202484 1.945655 0.191366 0.191366 0.037440 25.088000 2.240000 32.282099 
225 24.621619 2.214185 1.945695 0.191333 0.191333 0.037466 25.312500 2.250000 25.493062 
226 24.915658 2.231276 1.945727 0.191304 0.191304 0.037493 25.538000 2.260000 28.550179 
227 25.185756 2.245844 1.945753 0.191277 0.191277 0.037520 25.764500 2.270000 27.527551 
228 25.156456 2.230840 1.945773 0.191254 0.191254 0.037547 25.992000 2.280000 12.337171 
229 25.412663 2.244046 1.945788 0.191234 0.191234 0.037574 26.220500 2.290000 27.056623 
230 26.019178 2.291548 1.945799 0.191217 0.191217 0.037601 26.450000 2.300000 45.249574 
231 26.134042 2.290268 1.945806 0.191203 0.191203 0.037628 26.680500 2.310000 20.349467 
232 26.473486 2.311068 1.945811 0.191191 0.191191 0.037655 26.912000 2.320000 32.012466 
233 26.920628 2.342245 1.945814 0.191183 0.191183 0.037683 27.144500 2.330000 37.781954 
234 27.082122 2.345050 1.945815 0.191177 0.191177 0.037710 27.378000 2.340000 23.391855 
235 27.413154 2.364485 1.945815 0.191175 0.191175 0.037737 27.612500 2.350000 32.252176 
236 27.198490 2.330114 1.945815 0.191175 0.191175 0.037764 27.848000 2.360000 4.440707 
237 27.192412 2.316575 1.945815 0.191177 0.191177 0.037792 28.084500 2.370000 15.118926 
238 27.438419 2.327935 1.945816 0.191183 0.191183 0.037819 28.322000 2.380000 28.136346 
239 27.394272 2.310675 1.945819 0.191190 0.191190 0.037846 28.560500 2.390000 13.413379 
240 27.849657 2.342668 1.945822 0.191201 0.191201 0.037873 28.800000 2.400000 39.128305 
241 28.032300 2.347546 1.945829 0.191214 0.191214 0.037900 29.040500 2.410000 25.405712 
242 28.390211 2.369600 1.945837 0.191229 0.191229 0.037927 29.282000 2.420000 34.571062 
243 28.698856 2.386596 1.945848 0.191246 0.191246 0.037954 29.524500 2.430000 32.285991 
244 28.759272 2.379027 1.945863 0.191266 0.191266 0.037981 29.768000 2.440000 19.752182 
245 29.147052 2.403711 1.945881 0.191288 0.191288 0.038008 30.012500 2.450000 36.674257 
246 29.690659 2.443475 1.945903 0.191312 0.191312 0.038035 30.258000 2.460000 44.945511 
247 30.026825 2.462454 1.945929 0.191339 0.191339 0.038062 30.504500 2.470000 34.628349 
248 29.880301 2.433780 1.945959 0.191367 0.191367 0.038088 30.752000 2.480000 10.064035 
249 30.381948 2.469132 1.945994 0.191397 0.191397 0.038114 31.000500 2.490000 43.370286 
250 30.371602 2.453777 1.946034 0.191429 0.191429 0.038141 31.250000 2.500000 17.384031 
251 30.703292 2.472219 1.946078 0.191464 0.191464 0.038167 31.500500 2.510000 35.026961 
252 30.980272 2.485098 1.946128 0.191499 0.191499 0.038193 31.752000 2.520000 32.454402 
253 31.308838 2.502928 1.946182 0.191537 0.191537 0.038219 32.004500 2.530000 35.317110 
254 31.754908 2.532150 1.946242 0.191576 0.191576 0.038244 32.258000 2.540000 41.593158 
255 31.983044 2.539632 1.946308 0.191617 0.191617 0.038270 32.512500 2.550000 30.694403 
256 32.326542 2.558399 1.946379 0.191660 0.191660 0.038295 32.768000 2.560000 36.811893 
257 32.757484 2.585595 1.946456 0.191704 0.191704 0.038321 33.024500 2.570000 41.553129 
258 32.902205 2.584332 1.946539 0.191749 0.191749 0.038346 33.282000 2.580000 27.142621 
259 33.176548 2.595850 1.946627 0.191796 0.191796 0.038370 33.540500 2.590000 33.952734 
260 33.345873 2.596906 1.946722 0.191844 0.191844 0.038395 33.800000 2.600000 28.774456 
261 33.366407 2.583284 1.946822 0.191894 0.191894 0.038419 34.060500 2.610000 21.295901 
262 33.631177 2.593869 1.946928 0.191945 0.191945 0.038444 34.322000 2.620000 33.930431 
263 34.106261 2.625090 1.947040 0.191997 0.191997 0.038468 34.584500 2.630000 44.943570 
264 34.611998 2.659030 1.947158 0.192050 0.192050 0.038492 34.848000 2.640000 46.835011 
265 34.869925 2.668194 1.947281 0.192104 0.192104 0.038515 35.112500 2.650000 34.443172 
266 35.047845 2.669373 1.947411 0.192159 0.192159 0.038539 35.378000 2.660000 30.546535 
267 35.451698 2.692836 1.947546 0.192215 0.192215 0.038562 35.644500 2.670000 42.319778 
268 35.519385 2.682886 1.947688 0.192272 0.192272 0.038585 35.912000 2.680000 25.345233 
269 35.695857 2.683770 1.947835 0.192330 0.192330 0.038608 36.180500 2.690000 31.048728 
270 35.893126 2.686698 1.947987 0.192388 0.192388 0.038630 36.450000 2.700000 32.288754 
271 36.257661 2.706119 1.948145 0.192448 0.192448 0.038652 36.720500 2.710000 41.057450 
272 36.526782 2.715922 1.948309 0.192508 0.192508 0.038674 36.992000 2.720000 36.426600 
273 37.057787 2.751511 1.948478 0.192568 0.192568 0.038696 37.264500 2.730000 50.086827 
274 37.124199 2.740827 1.948653 0.192630 0.192630 0.038718 37.538000 2.740000 26.595820 
275 37.485234 2.759375 1.948832 0.192692 0.192692 0.038739 37.812500 2.750000 41.834881 
276 38.027397 2.795655 1.949017 0.192754 0.192754 0.038760 38.088000 2.760000 51.395499 
277 38.159458 2.791014 1.949207 0.192817 0.192817 0.038781 38.364500 2.770000 30.714398 
278 38.562951 2.813272 1.949402 0.192880 0.192880 0.038802 38.642000 2.780000 44.794409 
279 38.931859 2.831890 1.949602 0.192944 0.192944 0.038822 38.920500 2.790000 43.311406 
280 39.174214 2.837798 1.949807 0.193008 0.193008 0.038842 39.200000 2.800000 37.095600 
281 39.164734 2.818713 1.950016 0.193072 0.193072 0.038862 39.480500 2.810000 24.394031 
282 39.633919 2.847214 1.950230 0.193137 0.193137 0.038881 39.762000 2.820000 49.026164 
283 40.030688 2.868263 1.950448 0.193202 0.193202 0.038901 40.044500 2.830000 45.638214 
284 40.307649 2.877236 1.950670 0.193267 0.193267 0.038920 40.328000 2.840000 39.786654 
285 40.553120 2.882999 1.950896 0.193332 0.193332 0.038939 40.612500 2.850000 38.404429 
286 40.925302 2.901264 1.951126 0.193398 0.193398 0.038957 40.898000 2.860000 45.115433 
287 40.826979 2.872703 1.951361 0.193463 0.193463 0.038975 41.184500 2.870000 21.283737 
288 41.169095 2.888092 1.951599 0.193528 0.193528 0.038993 41.472000 2.880000 43.899450 
289 41.352039 2.887542 1.951840 0.193594 0.193594 0.039011 41.760500 2.890000 36.008873 
290 41.959648 2.929125 1.952085 0.193659 0.193659 0.039029 42.050000 2.900000 57.949789 
291 42.220097 2.935854 1.952333 0.193725 0.193725 0.039046 42.340500 2.910000 40.564603 
292 42.366545 2.931201 1.952584 0.193790 0.193790 0.039063 42.632000 2.920000 34.953049 
293 43.064986 2.981387 1.952839 0.193855 0.193855 0.039080 42.924500 2.930000 63.390076 
294 43.313241 2.986385 1.953096 0.193920 0.193920 0.039096 43.218000 2.940000 40.783943 
295 43.693091 3.004400 1.953356 0.193985 0.193985 0.039112 43.512500 2.950000 47.744314 
296 44.025145 3.017491 1.953618 0.194050 0.194050 0.039128 43.808000 2.960000 45.586652 
297 44.397857 3.034491 1.953883 0.194114 0.194114 0.039144 44.104500 2.970000 47.933704 
298 44.556745 3.030077 1.954150 0.194179 0.194179 0.039159 44.402000 2.980000 37.278537 
299 45.284510 3.082242 1.954419 0.194243 0.194243 0.039174 44.700500 2.990000 66.567862 
300 45.623974 3.095298 1.954691 0.194306 0.194306 0.039189 45.000000 3.000000 47.165875 
301 45.906263 3.102540 1.954964 0.194369 0.194369 0.039204 45.300500 3.010000 44.514991 
302 46.489940 3.139680 1.955239 0.194432 0.194432 0.039218 45.602000 3.020000 60.175551 
303 46.489362 3.118345 1.955516 0.194495 0.194495 0.039233 45.904500 3.030000 30.693789 
304 46.734366 3.121647 1.955794 0.194557 0.194557 0.039247 46.208000 3.040000 43.359058 
305 46.863385 3.113376 1.956073 0.194619 0.194619 0.039260 46.512500 3.050000 37.658584 
306 46.924751 3.098451 1.956353 0.194680 0.194680 0.039274 46.818000 3.060000 34.372227 
307 46.811432 3.066284 1.956635 0.194741 0.194741 0.039287 47.124500 3.070000 25.582417 
308 47.183963 3.082794 1.956917 0.194802 0.194802 0.039300 47.432000 3.080000 50.460662 
309 47.626465 3.106108 1.957201 0.194862 0.194862 0.039312 47.740500 3.090000 54.325101 
310 48.072797 3.129573 1.957485 0.194921 0.194921 0.039325 48.050000 3.100000 54.845464 
311 48.474970 3.148409 1.957769 0.194980 0.194980 0.039337 48.360500 3.110000 52.917714 
312 48.761957 3.155584 1.958054 0.195039 0.195039 0.039349 48.672000 3.120000 47.342250 
313 48.949801 3.152811 1.958340 0.195097 0.195097 0.039361 48.984500 3.130000 42.530943 
314 49.147149 3.151011 1.958625 0.195154 0.195154 0.039373 49.298000 3.140000 43.218826 
315 49.378440 3.152609 1.958911 0.195211 0.195211 0.039384 49.612500 3.150000 45.158820 
316 49.618311 3.155045 1.959196 0.195267 0.195267 0.039395 49.928000 3.160000 45.820661 
317 50.037684 3.175349 1.959481 0.195323 0.195323 0.039406 50.244500 3.170000 55.209632 
318 50.163265 3.166162 1.959767 0.195378 0.195378 0.039416 50.562000 3.180000 40.535455 
319 50.551342 3.183238 1.960051 0.195433 0.195433 0.039427 50.880500 3.190000 54.100744 
320 50.890055 3.195221 1.960335 0.195486 0.195486 0.039437 51.200000 3.200000 51.884758 
321 51.472939 3.231437 1.960619 0.195540 0.195540 0.039447 51.520500 3.210000 64.617132 
322 51.941673 3.255909 1.960902 0.195592 0.195592 0.039457 51.842000 3.220000 59.195743 
323 52.326591 3.271778 1.961184 0.195644 0.195644 0.039466 52.164500 3.230000 55.267340 
324 52.602669 3.276630 1.961466 0.195696 0.195696 0.039476 52.488000 3.240000 50.023580 
325 53.147165 3.308216 1.961746 0.195746 0.195746 0.039485 52.812500 3.250000 63.958408 
326 53.466155 3.316985 1.962025 0.195796 0.195796 0.039494 53.138000 3.260000 52.850013 
327 53.528865 3.300089 1.962303 0.195846 0.195846 0.039503 53.464500 3.270000 40.065039 
328 54.082062 3.332317 1.962580 0.195894 0.195894 0.039511 53.792000 3.280000 65.206107 
329 54.649834 3.365680 1.962856 0.195942 0.195942 0.039520 54.120500 3.290000 66.339255 
330 54.810133 3.358032 1.963130 0.195990 0.195990 0.039528 54.450000 3.300000 45.982427 
331 55.018793 3.355288 1.963403 0.196037 0.196037 0.039536 54.780500 3.310000 48.645336 
332 55.450676 3.374859 1.963674 0.196083 0.196083 0.039544 55.112000 3.320000 60.236168 
333 55.788513 3.384844 1.963943 0.196128 0.196128 0.039551 55.444500 3.330000 55.781110 
334 56.162402 3.398330 1.964211 0.196173 0.196173 0.039559 55.778000 3.340000 57.904505 
335 56.058135 3.363923 1.964477 0.196217 0.196217 0.039566 56.112500 3.350000 33.870780 
336 56.697272 3.404114 1.964742 0.196260 0.196260 0.039573 56.448000 3.360000 71.778441 
337 56.970506 3.407353 1.965004 0.196303 0.196303 0.039580 56.784500 3.370000 53.594066 
338 57.087803 3.394980 1.965264 0.196345 0.196345 0.039587 57.122000 3.380000 45.916889 
339 57.430009 3.405201 1.965523 0.196386 0.196386 0.039593 57.460500 3.390000 57.540176 
340 57.657429 3.403849 1.965779 0.196426 0.196426 0.039600 57.800000 3.400000 51.992118 
341 57.942064 3.408228 1.966033 0.196466 0.196466 0.039606 58.140500 3.410000 55.137252 
342 58.161074 3.406005 1.966285 0.196506 0.196506 0.039612 58.482000 3.420000 52.062870 
343 57.969441 3.362761 1.966535 0.196544 0.196544 0.039618 58.824500 3.430000 31.412210 
344 58.706546 3.412774 1.966783 0.196582 0.196582 0.039624 59.168000 3.440000 78.660740 
345 59.601140 3.478032 1.967028 0.196619 0.196619 0.039630 59.512500 3.450000 87.152456 
346 59.920416 3.485131 1.967271 0.196656 0.196656 0.039635 59.858000 3.460000 58.473953 
347 60.100677 3.478261 1.967512 0.196692 0.196692 0.039640 60.204500 3.470000 51.692509 
348 60.504927 3.493852 1.967750 0.196727 0.196727 0.039646 60.552000 3.480000 63.290995 
349 60.618658 3.480241 1.967986 0.196762 0.196762 0.039651 60.900500 3.490000 48.855021 
350 60.790397 3.472565 1.968219 0.196796 0.196796 0.039656 61.250000 3.500000 51.985221 
351 61.263938 3.495142 1.968450 0.196829 0.196829 0.039660 61.600500 3.510000 67.528192 
352 61.488457 3.492593 1.968678 0.196862 0.196862 0.039665 61.952000 3.520000 55.239358 
353 61.739963 3.492767 1.968903 0.196894 0.196894 0.039670 62.304500 3.530000 56.847942 
354 62.252329 3.519027 1.969126 0.196925 0.196925 0.039674 62.658000 3.540000 70.346687 
355 62.313178 3.499869 1.969347 0.196956 0.196956 0.039678 63.012500 3.550000 47.800138 
356 62.477931 3.491293 1.969564 0.196986 0.196986 0.039683 63.368000 3.560000 53.233442 
357 62.769145 3.495450 1.969779 0.197015 0.197015 0.039687 63.724500 3.570000 59.862003 
358 62.601045 3.453624 1.969992 0.197044 0.197044 0.039691 64.082000 3.580000 36.817276 
359 63.045981 3.473534 1.970201 0.197072 0.197072 0.039694 64.440500 3.590000 67.975528 
360 63.675867 3.511745 1.970408 0.197100 0.197100 0.039698 64.800000 3.600000 77.707240 
361 63.828811 3.501866 1.970613 0.197127 0.197127 0.039702 65.160500 3.610000 53.942813 
362 64.110294 3.504943 1.970814 0.197154 0.197154 0.039705 65.522000 3.620000 60.668106 
363 64.216619 3.490466 1.971013 0.197180 0.197180 0.039709 65.884500 3.630000 52.047925 
364 64.877389 3.531602 1.971209 0.197205 0.197205 0.039712 66.248000 3.640000 80.354581 
365 65.315876 3.550088 1.971402 0.197230 0.197230 0.039715 66.612500 3.650000 69.533917 
366 65.696382 3.562589 1.971593 0.197254 0.197254 0.039718 66.978000 3.660000 66.939245 
367 66.182024 3.585484 1.971781 0.197278 0.197278 0.039721 67.344500 3.670000 72.589531 
368 66.711862 3.612572 1.971966 0.197301 0.197301 0.039724 67.712000 3.680000 75.201968 
369 66.838036 3.599001 1.972148 0.197324 0.197324 0.039727 68.080500 3.690000 55.128121 
370 67.434237 3.632594 1.972327 0.197346 0.197346 0.039729 68.450000 3.700000 79.153856 
371 68.015837 3.664391 1.972504 0.197367 0.197367 0.039732 68.820500 3.710000 78.841882 
372 68.334916 3.669602 1.972678 0.197388 0.197388 0.039735 69.192000 3.720000 65.956603 
373 68.683918 3.677755 1.972850 0.197409 0.197409 0.039737 69.564500 3.730000 67.766784 
374 68.984426 3.680974 1.973018 0.197429 0.197429 0.039739 69.938000 3.740000 65.617461 
375 69.170633 3.672723 1.973184 0.197448 0.197448 0.039742 70.312500 3.750000 60.109589 
376 69.712305 3.700125 1.973347 0.197467 0.197467 0.039744 70.688000 3.760000 78.350834 
377 69.999764 3.701814 1.973508 0.197486 0.197486 0.039746 71.064500 3.770000 65.874369 
378 70.621910 3.736978 1.973665 0.197504 0.197504 0.039748 71.442000 3.780000 83.111475 
379 71.129646 3.760341 1.973820 0.197521 0.197521 0.039750 71.820500 3.790000 77.761551 
380 71.540528 3.773778 1.973973 0.197539 0.197539 0.039752 72.200000 3.800000 73.246242 
381 72.129905 3.804944 1.974123 0.197555 0.197555 0.039754 72.580500 3.810000 82.631944 
382 72.587370 3.822596 1.974270 0.197571 0.197571 0.039756 72.962000 3.820000 76.384307 
383 72.909728 3.826552 1.974414 0.197587 0.197587 0.039758 73.344500 3.830000 69.910866 
384 73.222693 3.829527 1.974556 0.197603 0.197603 0.039759 73.728000 3.840000 69.738159 
385 73.662892 3.845206 1.974696 0.197618 0.197618 0.039761 74.112500 3.850000 76.479859 
386 73.763553 3.826749 1.974833 0.197632 0.197632 0.039762 74.498000 3.860000 59.648725 
387 74.330848 3.855175 1.974967 0.197646 0.197646 0.039764 74.884500 3.870000 83.469432 
388 74.694523 3.862939 1.975099 0.197660 0.197660 0.039765 75.272000 3.880000 73.585611 
389 74.927162 3.857512 1.975228 0.197673 0.197673 0.039767 75.660500 3.890000 67.276954 
390 75.530428 3.889230 1.975355 0.197686 0.197686 0.039768 76.050000 3.900000 86.299531 
391 76.069057 3.914162 1.975479 0.197699 0.197699 0.039769 76.440500 3.910000 83.472755 
392 76.340985 3.912154 1.975601 0.197711 0.197711 0.039770 76.832000 3.920000 70.387464 
393 76.662726 3.915151 1.975720 0.197723 0.197723 0.039772 77.224500 3.930000 73.190952 
394 76.959242 3.915594 1.975837 0.197735 0.197735 0.039773 77.618000 3.940000 72.221411 
395 77.583837 3.948865 1.975952 0.197746 0.197746 0.039774 78.012500 3.950000 89.119612 
396 77.944226 3.955363 1.976064 0.197757 0.197757 0.039775 78.408000 3.960000 76.208130 
397 78.214444 3.952771 1.976175 0.197767 0.197767 0.039776 78.804500 3.970000 71.973494 
398 78.824552 3.984220 1.976282 0.197777 0.197777 0.039777 79.202000 3.980000 89.455374 
399 79.017592 3.973617 1.976388 0.197787 0.197787 0.039778 79.600500 3.990000 68.806419 
400 79.556817 3.997764 1.976491 0.197796 0.197796 0.039779 80.000000 4.000000 86.567678 
401 79.973829 4.009438 1.976592 0.197806 0.197806 0.039779 80.400500 4.010000 80.803763 
402 80.513345 4.033256 1.976691 0.197815 0.197815 0.039780 80.802000 4.020000 87.360312 
403 80.775344 4.029063 1.976788 0.197823 0.197823 0.039781 81.204500 4.030000 73.742537 
404 81.148768 4.036062 1.976883 0.197832 0.197832 0.039782 81.608000 4.040000 79.662104 
405 81.546275 4.045402 1.976975 0.197840 0.197840 0.039782 82.012500 4.050000 81.219115 
406 82.343123 4.094611 1.977066 0.197847 0.197847 0.039783 82.418000 4.060000 101.768907 
407 82.865474 4.115858 1.977154 0.197855 0.197855 0.039784 82.824500 4.070000 88.437542 
408 83.437931 4.141906 1.977241 0.197862 0.197862 0.039784 83.232000 4.080000 91.388440 
409 83.591102 4.125736 1.977325 0.197869 0.197869 0.039785 83.640500 4.090000 70.626671 
410 83.816159 4.116921 1.977407 0.197876 0.197876 0.039786 84.050000 4.100000 74.495960 
411 84.410524 4.145151 1.977488 0.197882 0.197882 0.039786 84.460500 4.110000 93.440643 
412 84.875003 4.160101 1.977567 0.197889 0.197889 0.039787 84.872000 4.120000 87.326791 
413 85.136053 4.154544 1.977643 0.197895 0.197895 0.039787 85.284500 4.130000 77.430638 
414 85.715520 4.180906 1.977718 0.197901 0.197901 0.039787 85.698000 4.140000 93.819758 
415 86.025286 4.180017 1.977792 0.197906 0.197906 0.039788 86.112500 4.150000 80.631780 
416 86.281010 4.173729 1.977863 0.197912 0.197912 0.039788 86.528000 4.160000 78.213822 
417 86.414679 4.155291 1.977933 0.197917 0.197917 0.039789 86.944500 4.170000 72.330126 
418 86.686780 4.150889 1.978000 0.197922 0.197922 0.039789 87.362000 4.180000 79.554281 
419 87.061699 4.156820 1.978067 0.197926 0.197926 0.039789 87.780500 4.190000 85.046315 
420 87.699539 4.188999 1.978131 0.197931 0.197931 0.039790 88.200000 4.200000 98.683341 
421 88.575449 4.244676 1.978194 0.197935 0.197935 0.039790 88.620500 4.210000 111.196034 
422 89.065026 4.261141 1.978255 0.197940 0.197940 0.039790 89.042000 4.220000 92.266382 
423 89.405675 4.262540 1.978315 0.197944 0.197944 0.039791 89.464500 4.230000 85.146287 
424 89.529127 4.242193 1.978373 0.197948 0.197948 0.039791 89.888000 4.240000 74.501543 
425 90.016936 4.258505 1.978430 0.197951 0.197951 0.039791 90.312500 4.250000 93.142713 
426 90.642161 4.288403 1.978485 0.197955 0.197955 0.039791 90.738000 4.260000 100.495180 
427 90.678588 4.259091 1.978538 0.197958 0.197958 0.039792 91.164500 4.270000 71.212698 
428 91.025130 4.261100 1.978590 0.197962 0.197962 0.039792 91.592000 4.280000 87.068468 
429 91.521102 4.278040 1.978641 0.197965 0.197965 0.039792 92.020500 4.290000 94.957237 
430 92.426326 4.335756 1.978690 0.197968 0.197968 0.039792 92.450000 4.300000 116.052257 
431 92.737753 4.333485 1.978738 0.197970 0.197970 0.039792 92.880500 4.310000 86.662063 
432 93.341931 4.360526 1.978785 0.197973 0.197973 0.039792 93.312000 4.320000 101.779370 
433 93.715134 4.364188 1.978830 0.197976 0.197976 0.039793 93.744500 4.330000 90.577113 
434 94.275060 4.386494 1.978874 0.197978 0.197978 0.039793 94.178000 4.340000 100.368097 
435 94.664223 4.391494 1.978917 0.197980 0.197980 0.039793 94.612500 4.350000 92.188241 
436 95.104118 4.401518 1.978959 0.197983 0.197983 0.039793 95.048000 4.360000 95.116274 
437 95.831954 4.440249 1.978999 0.197985 0.197985 0.039793 95.484500 4.370000 110.056371 
438 96.247497 4.447349 1.979038 0.197987 0.197987 0.039793 95.922000 4.380000 94.812029 
439 96.681900 4.456266 1.979076 0.197988 0.197988 0.039793 96.360500 4.390000 96.145396 
440 97.104605 4.463923 1.979113 0.197990 0.197990 0.039793 96.800000 4.400000 95.944609 
441 97.717432 4.490523 1.979149 0.197992 0.197992 0.039793 97.240500 4.410000 105.935652 
442 98.022940 4.486113 1.979184 0.197993 0.197993 0.039793 97.682000 4.420000 90.889015 
443 98.685978 4.517513 1.979217 0.197995 0.197995 0.039794 98.124500 4.430000 109.280704 
444 99.176670 4.531359 1.979250 0.197996 0.197996 0.039794 98.568000 4.440000 101.080404 
445 99.737253 4.552057 1.979282 0.197998 0.197998 0.039794 99.012500 4.450000 105.033633 
446 100.192857 4.562047 1.979312 0.197999 0.197999 0.039794 99.458000 4.460000 100.187839 
447 100.479883 4.555074 1.979342 0.198000 0.198000 0.039794 99.904500 4.470000 92.077088 
448 100.745847 4.546063 1.979371 0.198001 0.198001 0.039794 100.352000 4.480000 91.334686 
449 100.852723 4.521229 1.979398 0.198002 0.198002 0.039794 100.800500 4.490000 83.608223 
450 100.921618 4.492845 1.979425 0.198003 0.198003 0.039794 101.250000 4.500000 81.919487 
451 101.736784 4.539394 1.979451 0.198004 0.198004 0.039794 101.700500 4.510000 119.830167 
452 102.211542 4.551426 1.979476 0.198005 0.198005 0.039794 102.152000 4.520000 103.217674 
453 102.749221 4.569632 1.979501 0.198005 0.198005 0.039794 102.604500 4.530000 106.811459 
454 103.108271 4.569788 1.979524 0.198006 0.198006 0.039794 103.058000 4.540000 98.235155 
455 103.838842 4.607104 1.979547 0.198007 0.198007 0.039794 103.512500 4.550000 117.361444 
456 104.391567 4.626258 1.979569 0.198007 0.198007 0.039794 103.968000 4.560000 108.923004 
457 104.558358 4.606617 1.979590 0.198008 0.198008 0.039794 104.424500 4.570000 89.885162 
458 104.828194 4.597480 1.979610 0.198008 0.198008 0.039794 104.882000 4.580000 95.354737 
459 105.249001 4.603535 1.979630 0.198008 0.198008 0.039794 105.340500 4.590000 103.296081 
460 105.544227 4.596969 1.979649 0.198009 0.198009 0.039794 105.800000 4.600000 97.343367 
461 105.944269 4.600952 1.979667 0.198009 0.198009 0.039794 106.260500 4.610000 102.965750 
462 106.235088 4.593971 1.979685 0.198009 0.198009 0.039794 106.722000 4.620000 97.828969 
463 106.853533 4.619829 1.979702 0.198010 0.198010 0.039794 107.184500 4.630000 114.703656 
464 107.559726 4.654205 1.979719 0.198010 0.198010 0.039794 107.648000 4.640000 119.626354 
465 107.972201 4.658859 1.979734 0.198010 0.198010 0.039794 108.112500 4.650000 105.326040 
466 108.345783 4.659577 1.979750 0.198010 0.198010 0.039794 108.578000 4.660000 103.750913 
467 108.854039 4.673757 1.979764 0.198010 0.198010 0.039794 109.044500 4.670000 110.923506 
468 109.207878 4.672352 1.979778 0.198010 0.198010 0.039794 109.512000 4.680000 103.561854 
469 109.422013 4.656988 1.979792 0.198010 0.198010 0.039794 109.980500 4.690000 96.866176 
470 110.134636 4.691634 1.979805 0.198010 0.198010 0.039794 110.450000 4.700000 122.335096 
471 111.025154 4.743726 1.979818 0.198010 0.198010 0.039794 110.920500 4.710000 131.861558 
472 111.414562 4.745178 1.979830 0.198010 0.198010 0.039794 111.392000 4.720000 107.183240 
473 111.901944 4.756415 1.979841 0.198010 0.198010 0.039794 111.864500 4.730000 112.514082 
474 112.405540 4.769160 1.979852 0.198010 0.198010 0.039794 112.338000 4.740000 113.764797 
475 112.962484 4.787114 1.979863 0.198010 0.198010 0.039794 112.812500 4.750000 116.899790 
476 113.081714 4.761112 1.979873 0.198010 0.198010 0.039794 113.288000 4.760000 95.259636 
477 113.625982 4.777878 1.979883 0.198010 0.198010 0.039794 113.764500 4.770000 116.975546 
478 114.150763 4.792528 1.979892 0.198010 0.198010 0.039794 114.242000 4.780000 116.452540 
479 114.521547 4.791630 1.979901 0.198009 0.198009 0.039794 114.720500 4.790000 109.126780 
480 114.697988 4.771305 1.979910 0.198009 0.198009 0.039794 115.200000 4.800000 99.686254 
481 115.203982 4.784142 1.979918 0.198009 0.198009 0.039794 115.680500 4.810000 116.608206 
482 115.314728 4.757322 1.979926 0.198009 0.198009 0.039794 116.162000 4.820000 97.087803 
483 115.829504 4.771177 1.979933 0.198009 0.198009 0.039794 116.644500 4.830000 117.737710 
484 116.549440 4.805410 1.979940 0.198008 0.198008 0.039794 117.128000 4.840000 128.545782 
485 116.915976 4.803959 1.979947 0.198008 0.198008 0.039794 117.612500 4.850000 111.247257 
486 117.531674 4.827440 1.979954 0.198008 0.198008 0.039794 118.098000 4.860000 124.205224 
487 117.803637 4.816311 1.979960 0.198008 0.198008 0.039794 118.584500 4.870000 107.343920 
488 118.368314 4.834566 1.979966 0.198007 0.198007 0.039794 119.072000 4.880000 122.454852 
489 119.317984 4.891139 1.979972 0.198007 0.198007 0.039794 119.560500 4.890000 142.373485 
490 120.038646 4.924245 1.979977 0.198007 0.198007 0.039794 120.050000 4.900000 131.476792 
491 120.988101 4.979900 1.979982 0.198007 0.198007 0.039794 120.540500 4.910000 143.588921 
492 121.339682 4.975209 1.979987 0.198006 0.198006 0.039794 121.032000 4.920000 114.066879 
493 122.057012 5.007140 1.979992 0.198006 0.198006 0.039794 121.524500 4.930000 132.913938 
494 122.802281 5.041547 1.979996 0.198006 0.198006 0.039794 122.018000 4.940000 134.884268 
495 123.290244 5.049877 1.980000 0.198005 0.198005 0.039794 122.512500 4.950000 122.463927 
496 124.024714 5.082776 1.980004 0.198005 0.198005 0.039794 123.008000 4.960000 135.360477 
497 124.495737 5.089001 1.980008 0.198005 0.198005 0.039794 123.504500 4.970000 122.626686 
498 124.854090 5.083896 1.980011 0.198005 0.198005 0.039794 124.002000 4.980000 117.376543 
499 125.093928 5.066990 1.980015 0.198004 0.198004 0.039794 124.500500 4.990000 111.774627 
500 125.808833 5.097761 1.980018 0.198004 0.198004 0.039794 125.000000 5.000000 136.091250 
501 126.070829 5.082933 1.980021 0.198004 0.198004 0.039794 125.500500 5.010000 113.779830 
502 126.655732 5.100544 1.980024 0.198003 0.198003 0.039794 126.002000 5.020000 130.423519 
503 127.054022 5.099317 1.980026 0.198003 0.198003 0.039794 126.504500 5.030000 121.496421 
504 127.496114 5.102483 1.980029 0.198003 0.198003 0.039794 127.008000 5.040000 124.112984 
505 128.118098 5.123607 1.980031 0.198003 0.198003 0.039794 127.512500 5.050000 133.624760 
506 128.437057 5.114217 1.980033 0.198002 0.198002 0.039795 128.018000 5.060000 118.838106 
507 128.935278 5.122847 1.980035 0.198002 0.198002 0.039795 128.524500 5.070000 128.257054 
508 129.136426 5.101683 1.980037 0.198002 0.198002 0.039795 129.032000 5.080000 113.709132 
509 129.677961 5.114770 1.980039 0.198002 0.198002 0.039795 129.540500 5.090000 131.205963 
510 130.324795 5.138255 1.980041 0.198001 0.198001 0.039795 130.050000 5.100000 137.000762 
511 130.943173 5.158661 1.980042 0.198001 0.198001 0.039795 130.560500 5.110000 136.094180 
512 131.396800 5.162387 1.980044 0.198001 0.198001 0.039795 131.072000 5.120000 128.290996 
513 132.110676 5.192100 1.980045 0.198001 0.198001 0.039795 131.584500 5.130000 141.869728 
514 132.162387 5.155301 1.980047 0.198000 0.198000 0.039795 132.098000 5.140000 108.994612 
515 132.775428 5.175002 1.980048 0.198000 0.198000 0.039795 132.612500 5.150000 137.577863 
516 133.153342 5.170994 1.980049 0.198000 0.198000 0.039795 133.128000 5.160000 126.218554 
517 133.600711 5.173971 1.980050 0.198000 0.198000 0.039795 133.644500 5.170000 130.124015 
518 133.773850 5.149496 1.980051 0.198000 0.198000 0.039795 134.162000 5.180000 116.707016 
519 134.211949 5.151761 1.980052 0.197999 0.197999 0.039795 134.680500 5.190000 130.382831 
520 135.031831 5.192181 1.980052 0.197999 0.197999 0.039795 135.200000 5.200000 150.091161 
521 135.403723 5.187399 1.980053 0.197999 0.197999 0.039795 135.720500 5.210000 128.085757 
522 135.753179 5.180421 1.980054 0.197999 0.197999 0.039795 136.242000 5.220000 127.348241 
523 136.358141 5.199063 1.980054 0.197999 0.197999 0.039795 136.764500 5.230000 140.636269 
524 136.927994 5.214007 1.980055 0.197999 0.197999 0.039795 137.288000 5.240000 139.375779 
525 137.524189 5.231436 1.980055 0.197998 0.197998 0.039795 137.812500 5.250000 141.202013 
526 138.066609 5.243314 1.980056 0.197998 0.197998 0.039795 138.338000 5.260000 138.996134 
527 138.637324 5.257902 1.980056 0.197998 0.197998 0.039795 138.864500 5.270000 140.908708 
528 139.167271 5.268268 1.980057 0.197998 0.197998 0.039795 139.392000 5.280000 139.348285 
529 139.313999 5.240209 1.980057 0.197998 0.197998 0.039795 139.920500 5.290000 120.473018 
530 139.916398 5.257997 1.980057 0.197998 0.197998 0.039796 140.450000 5.300000 143.771633 
531 140.458875 5.269615 1.980057 0.197998 0.197998 0.039796 140.980500 5.310000 141.259721 
532 140.858516 5.266833 1.980058 0.197998 0.197998 0.039796 141.512000 5.320000 134.530946 
533 141.233537 5.261617 1.980058 0.197997 0.197997 0.039796 142.044500 5.330000 133.700962 
534 141.581655 5.253764 1.980058 0.197997 0.197997 0.039796 142.578000 5.340000 132.743110 
535 142.056150 5.258626 1.980058 0.197997 0.197997 0.039796 143.112500 5.350000 139.512552 
536 142.506607 5.261036 1.980058 0.197997 0.197997 0.039796 143.648000 5.360000 138.749038 
537 143.190965 5.286810 1.980058 0.197997 0.197997 0.039796 144.184500 5.370000 151.000363 
538 143.608777 5.285674 1.980058 0.197997 0.197997 0.039796 144.722000 5.380000 138.095635 
539 144.004429 5.282333 1.980059 0.197997 0.197997 0.039796 145.260500 5.390000 137.399873 
540 144.535687 5.292585 1.980059 0.197997 0.197997 0.039796 145.800000 5.400000 144.660646 
541 144.853409 5.281383 1.980059 0.197997 0.197997 0.039796 146.340500 5.410000 134.356889 
542 145.601151 5.313292 1.980059 0.197997 0.197997 0.039796 146.882000 5.420000 156.447520 
543 146.286924 5.338686 1.980059 0.197997 0.197997 0.039796 147.424500 5.430000 153.907731 
544 146.953637 5.361920 1.980059 0.197997 0.197997 0.039796 147.968000 5.440000 153.505133 
545 147.495476 5.372434 1.980059 0.197997 0.197997 0.039796 148.512500 5.450000 147.750252 
546 147.896581 5.368771 1.980059 0.197997 0.197997 0.039796 149.058000 5.460000 141.132491 
547 148.651013 5.400476 1.980059 0.197997 0.197997 0.039796 149.604500 5.470000 159.396004 
548 149.229645 5.414284 1.980059 0.197997 0.197997 0.039796 150.152000 5.480000 151.114984 
549 149.836969 5.430823 1.980059 0.197997 0.197997 0.039797 150.700500 5.490000 153.074284 
550 150.664488 5.469216 1.980059 0.197997 0.197997 0.039797 151.250000 5.500000 164.720366 
551 151.510750 5.509098 1.980059 0.197997 0.197997 0.039797 151.800500 5.510000 166.304425 
552 151.861114 5.498995 1.980059 0.197997 0.197997 0.039797 152.352000 5.520000 141.908603 
553 152.409793 5.508823 1.980059 0.197997 0.197997 0.039797 152.904500 5.530000 152.324658 
554 153.023901 5.525095 1.980059 0.197997 0.197997 0.039797 153.458000 5.540000 156.129046 
555 153.614439 5.538847 1.980059 0.197997 0.197997 0.039797 154.012500 5.550000 155.472228 
556 154.031283 5.535094 1.980059 0.197997 0.197997 0.039797 154.568000 5.560000 147.222515 
557 154.696281 5.556192 1.980059 0.197997 0.197997 0.039797 155.124500 5.570000 160.190586 
558 155.389177 5.579869 1.980059 0.197997 0.197997 0.039797 155.682000 5.580000 162.160128 
559 156.123037 5.607406 1.980059 0.197997 0.197997 0.039797 156.240500 5.590000 164.804640 
560 156.784467 5.627424 1.980059 0.197997 0.197997 0.039797 156.800000 5.600000 161.744186 
561 157.228568 5.625511 1.980059 0.197997 0.197997 0.039797 157.360500 5.610000 151.330652 
562 157.932856 5.649634 1.980059 0.197997 0.197997 0.039797 157.922000 5.620000 164.924562 
563 158.860514 5.695852 1.980059 0.197997 0.197997 0.039797 158.484500 5.630000 176.790426 
564 159.327371 5.695529 1.980059 0.197997 0.197997 0.039797 159.048000 5.640000 154.217240 
565 160.073474 5.723134 1.980059 0.197997 0.197997 0.039797 159.612500 5.650000 168.788576 
566 160.869579 5.755462 1.980059 0.197997 0.197997 0.039797 160.178000 5.660000 171.923295 
567 161.529926 5.773892 1.980060 0.197998 0.197998 0.039797 160.744500 5.670000 165.703140 
568 162.180621 5.791172 1.980060 0.197998 0.197998 0.039798 161.312000 5.680000 165.784743 
569 162.560708 5.781220 1.980060 0.197998 0.197998 0.039798 161.880500 5.690000 152.683280 
570 163.100545 5.787341 1.980060 0.197998 0.197998 0.039798 162.450000 5.700000 161.180544 
571 163.871608 5.816523 1.980060 0.197998 0.197998 0.039798 163.020500 5.710000 173.367825 
572 164.447242 5.825872 1.980060 0.197998 0.197998 0.039798 163.592000 5.720000 164.124531 
573 165.086832 5.841522 1.980060 0.197998 0.197998 0.039798 164.164500 5.730000 167.883904 
574 165.900466 5.874419 1.980061 0.197998 0.197998 0.039798 164.738000 5.740000 177.235905 
575 166.526757 5.888254 1.980061 0.197998 0.197998 0.039798 165.312500 5.750000 168.425178 
576 167.200053 5.906650 1.980061 0.197998 0.197998 0.039798 165.888000 5.760000 171.356889 
577 167.853119 5.922840 1.980061 0.197998 0.197998 0.039798 166.464500 5.770000 170.917432 
578 168.411951 5.929445 1.980062 0.197999 0.197999 0.039798 167.042000 5.780000 166.731182 
579 169.077882 5.946694 1.980062 0.197999 0.197999 0.039798 167.620500 5.790000 172.666228 
580 169.729728 5.962361 1.980062 0.197999 0.197999 0.039798 168.200000 5.800000 172.535403 
581 170.675492 6.007263 1.980062 0.197999 0.197999 0.039798 168.780500 5.810000 187.953584 
582 171.119218 6.001513 1.980063 0.197999 0.197999 0.039798 169.362000 5.820000 163.322399 
583 171.746902 6.014216 1.980063 0.197999 0.197999 0.039798 169.944500 5.830000 173.085153 
584 172.203950 6.009729 1.980063 0.197999 0.197999 0.039798 170.528000 5.840000 165.032184 
585 172.938681 6.033055 1.980063 0.197999 0.197999 0.039798 171.112500 5.850000 179.535434 
586 173.390246 6.027831 1.980064 0.197999 0.197999 0.039798 171.698000 5.860000 165.853807 
587 174.080507 6.046529 1.980064 0.198000 0.198000 0.039798 172.284500 5.870000 178.386185 
588 174.567343 6.044697 1.980065 0.198000 0.198000 0.039798 172.872000 5.880000 168.710269 
589 175.032539 6.040720 1.980065 0.198000 0.198000 0.039798 173.460500 5.890000 168.113247 
590 175.631326 6.050142 1.980065 0.198000 0.198000 0.039799 174.050000 5.900000 175.344952 
591 176.264624 6.062920 1.980066 0.198000 0.198000 0.039799 174.640500 5.910000 177.640052 
592 177.038750 6.089653 1.980066 0.198000 0.198000 0.039799 175.232000 5.920000 185.322301 
593 177.733044 6.108136 1.980066 0.198000 0.198000 0.039799 175.824500 5.930000 181.932356 
594 178.397828 6.123483 1.980067 0.198000 0.198000 0.039799 176.418000 5.940000 181.044816 
595 179.196455 6.152060 1.980067 0.198001 0.198001 0.039799 177.012500 5.950000 188.393095 
596 179.954121 6.176256 1.980068 0.198001 0.198001 0.039799 177.608000 5.960000 186.981624 
597 180.539977 6.183029 1.980068 0.198001 0.198001 0.039799 178.204500 5.970000 178.942521 
598 181.227132 6.199864 1.980068 0.198001 0.198001 0.039799 178.802000 5.980000 184.610783 
599 181.981894 6.223291 1.980069 0.198001 0.198001 0.039799 179.400500 5.990000 188.628994 
600 182.528080 6.225627 1.980069 0.198001 0.198001 0.039799 180.000000 6.000000 178.734014 
601 183.333540 6.253866 1.980070 0.198001 0.198001 0.039799 180.600500 6.010000 192.362779 
602 183.689988 6.236923 1.980070 0.198001 0.198001 0.039799 181.202000 6.020000 170.351932 
603 184.281388 6.243644 1.980071 0.198002 0.198002 0.039799 181.804500 6.030000 182.658063 
604 184.982883 6.261307 1.980071 0.198002 0.198002 0.039799 182.408000 6.040000 188.776347 
605 185.542176 6.264573 1.980072 0.198002 0.198002 0.039799 183.012500 6.050000 182.208722 
606 185.993407 6.257001 1.980072 0.198002 0.198002 0.039799 183.618000 6.060000 177.294408 
607 186.544394 6.259480 1.980073 0.198002 0.198002 0.039799 184.224500 6.070000 182.821096 
608 187.001561 6.252552 1.980073 0.198002 0.198002 0.039799 184.832000 6.080000 178.621629 
609 187.523189 6.252140 1.980074 0.198002 0.198002 0.039799 185.440500 6.090000 182.368526 
610 187.756479 6.222898 1.980074 0.198002 0.198002 0.039799 186.050000 6.100000 168.330277 
611 188.268294 6.221801 1.980075 0.198003 0.198003 0.039799 186.660500 6.110000 182.774693 
612 188.804034 6.223107 1.980075 0.198003 0.198003 0.039799 187.272000 6.120000 184.500198 
613 189.388182 6.229241 1.980076 0.198003 0.198003 0.039799 187.884500 6.130000 187.474262 
614 190.262704 6.264350 1.980076 0.198003 0.198003 0.039799 188.498000 6.140000 202.692844 
615 190.894748 6.274861 1.980077 0.198003 0.198003 0.039799 189.112500 6.150000 191.147670 
616 191.235929 6.256181 1.980077 0.198003 0.198003 0.039799 189.728000 6.160000 177.038168 
617 191.807849 6.260762 1.980078 0.198003 0.198003 0.039799 190.344500 6.170000 189.124869 
618 192.208434 6.248163 1.980078 0.198003 0.198003 0.039799 190.962000 6.180000 181.021221 
619 192.823853 6.257173 1.980079 0.198004 0.198004 0.039799 191.580500 6.190000 192.333884 
620 193.344634 6.256630 1.980079 0.198004 0.198004 0.039800 192.200000 6.200000 188.125250 
621 193.860240 6.255574 1.980080 0.198004 0.198004 0.039800 192.820500 6.210000 188.387300 
622 194.452473 6.262192 1.980081 0.198004 0.198004 0.039800 193.442000 6.220000 192.778051 
623 195.073546 6.271627 1.980081 0.198004 0.198004 0.039800 194.064500 6.230000 194.794077 
624 195.675204 6.279027 1.980082 0.198004 0.198004 0.039800 194.688000 6.240000 194.387864 
625 196.119115 6.270578 1.980082 0.198004 0.198004 0.039800 195.312500 6.250000 186.986227 
626 196.611314 6.267043 1.980083 0.198004 0.198004 0.039800 195.938000 6.260000 189.910674 
627 196.745654 6.227757 1.980083 0.198004 0.198004 0.039800 196.564500 6.270000 172.347420 
628 197.238415 6.224706 1.980084 0.198005 0.198005 0.039800 197.192000 6.280000 190.777567 
629 197.990033 6.247570 1.980084 0.198005 0.198005 0.039800 197.820500 6.290000 204.358461 
630 198.593515 6.255393 1.980085 0.198005 0.198005 0.039800 198.450000 6.300000 197.515560 
631 198.984281 6.241866 1.980085 0.198005 0.198005 0.039800 199.080500 6.310000 187.337609 
632 199.635302 6.254499 1.980086 0.198005 0.198005 0.039800 199.712000 6.320000 200.938904 
633 200.499681 6.288342 1.980087 0.198005 0.198005 0.039800 200.344500 6.330000 212.302596 
634 200.873319 6.272773 1.980087 0.198005 0.198005 0.039800 200.978000 6.340000 188.215634 
635 201.597051 6.292368 1.980088 0.198005 0.198005 0.039800 201.612500 6.350000 206.347111 
636 202.510882 6.330777 1.980088 0.198005 0.198005 0.039800 202.248000 6.360000 216.574314 
637 203.313128 6.357643 1.980089 0.198006 0.198006 0.039800 202.884500 6.370000 211.662686 
638 204.090071 6.381711 1.980089 0.198006 0.198006 0.039800 203.522000 6.380000 211.054063 
639 204.838416 6.402678 1.980090 0.198006 0.198006 0.039800 204.160500 6.390000 210.267557 
640 205.393453 6.404105 1.980090 0.198006 0.198006 0.039800 204.800000 6.400000 201.149574 
641 205.926674 6.403337 1.980091 0.198006 0.198006 0.039800 205.440500 6.410000 200.595713 
642 206.581955 6.414781 1.980091 0.198006 0.198006 0.039800 206.082000 6.420000 207.297144 
643 207.166747 6.419063 1.980092 0.198006 0.198006 0.039800 206.724500 6.430000 204.335890 
644 208.125387 6.460686 1.980092 0.198006 0.198006 0.039800 207.368000 6.440000 223.779829 
645 208.828010 6.476291 1.980093 0.198006 0.198006 0.039800 208.012500 6.450000 211.602856 
646 209.483973 6.487074 1.980093 0.198006 0.198006 0.039800 208.658000 6.460000 209.871754 
647 210.316119 6.515368 1.980094 0.198006 0.198006 0.039800 209.304500 6.470000 219.372068 
648 211.011575 6.529710 1.980095 0.198007 0.198007 0.039800 209.952000 6.480000 213.160910 
649 211.393956 6.512601 1.980095 0.198007 0.198007 0.039800 210.600500 6.490000 197.974308 
650 211.772677 6.495298 1.980096 0.198007 0.198007 0.039800 211.250000 6.500000 198.256539 
651 212.528876 6.515914 1.980096 0.198007 0.198007 0.039800 211.900500 6.510000 217.784507 
652 213.162739 6.524092 1.980097 0.198007 0.198007 0.039800 212.552000 6.520000 212.260405 
653 213.799142 6.532441 1.980097 0.198007 0.198007 0.039800 213.204500 6.530000 212.982016 
654 214.128969 6.510050 1.980097 0.198007 0.198007 0.039800 213.858000 6.540000 198.094271 
655 214.467408 6.488744 1.980098 0.198007 0.198007 0.039800 214.512500 6.550000 198.969828 
656 214.995339 6.486599 1.980098 0.198007 0.198007 0.039800 215.168000 6.560000 208.983565 
657 215.657128 6.497862 1.980099 0.198007 0.198007 0.039800 215.824500 6.570000 216.282325 
658 216.444580 6.521579 1.980099 0.198007 0.198007 0.039800 216.482000 6.580000 223.234640 
659 216.848360 6.506691 1.980100 0.198007 0.198007 0.039800 217.140500 6.590000 204.528244 
660 217.588406 6.525579 1.980100 0.198007 0.198007 0.039800 217.800000 6.600000 221.988056 
661 218.211258 6.532558 1.980101 0.198007 0.198007 0.039800 218.460500 6.610000 216.716000 
662 218.623315 6.518389 1.980101 0.198008 0.198008 0.039800 219.122000 6.620000 206.658601 
663 219.225132 6.523337 1.980102 0.198008 0.198008 0.039800 219.784500 6.630000 216.724169 
664 220.126914 6.558231 1.980102 0.198008 0.198008 0.039800 220.448000 6.640000 232.450471 
665 220.937638 6.583671 1.980103 0.198008 0.198008 0.039800 221.112500 6.650000 228.580852 
666 221.744518 6.608472 1.980103 0.198008 0.198008 0.039800 221.778000 6.660000 229.071517 
667 222.344592 6.612345 1.980103 0.198008 0.198008 0.039800 222.444500 6.670000 219.311415 
668 223.066204 6.628333 1.980104 0.198008 0.198008 0.039800 223.112000 6.680000 226.030334 
669 223.946139 6.659993 1.980104 0.198008 0.198008 0.039800 223.780500 6.690000 234.668423 
670 224.225575 6.631287 1.980105 0.198008 0.198008 0.039800 224.450000 6.700000 205.065006 
671 225.086933 6.661059 1.980105 0.198008 0.198008 0.039800 225.120500 6.710000 234.875025 
672 225.771913 6.672897 1.980105 0.198008 0.198008 0.039800 225.792000 6.720000 226.681464 
673 226.573924 6.696319 1.980106 0.198008 0.198008 0.039800 226.464500 6.730000 233.218192 
674 226.821803 6.664094 1.980106 0.198008 0.198008 0.039800 227.138000 6.740000 205.919299 
675 227.397382 6.664961 1.980107 0.198008 0.198008 0.039800 227.812500 6.750000 222.876314 
676 227.898109 6.658334 1.980107 0.198008 0.198008 0.039800 228.488000 6.760000 219.667391 
677 228.644630 6.676353 1.980107 0.198008 0.198008 0.039800 229.164500 6.770000 232.614130 
678 229.339171 6.688993 1.980108 0.198008 0.198008 0.039800 229.842000 6.780000 230.646276 
679 229.984517 6.696588 1.980108 0.198009 0.198009 0.039800 230.520500 6.790000 228.793844 
680 231.174023 6.758522 1.980108 0.198009 0.198009 0.039800 231.200000 6.800000 256.882880 
681 231.773056 6.760790 1.980109 0.198009 0.198009 0.039800 231.880500 6.810000 227.945600 
682 232.286532 6.754480 1.980109 0.198009 0.198009 0.039800 232.562000 6.820000 224.212540 
683 233.008904 6.769123 1.980110 0.198009 0.198009 0.039800 233.244500 6.830000 235.307025 
684 233.556180 6.766109 1.980110 0.198009 0.198009 0.039800 233.928000 6.840000 227.114106 
685 233.864584 6.739239 1.980110 0.198009 0.198009 0.039800 234.612500 6.850000 215.612780 
686 234.737684 6.769106 1.980111 0.198009 0.198009 0.039800 235.298000 6.860000 244.572596 
687 235.658516 6.803448 1.980111 0.198009 0.198009 0.039800 235.984500 6.870000 247.708434 
688 236.307875 6.810300 1.980111 0.198009 0.198009 0.039800 236.672000 6.880000 234.749239 
689 237.025322 6.823891 1.980111 0.198009 0.198009 0.039800 237.360500 6.890000 238.803307 
690 237.538573 6.816928 1.980112 0.198009 0.198009 0.039800 238.050000 6.900000 229.141086 
691 238.261220 6.830973 1.980112 0.198009 0.198009 0.039800 238.740500 6.910000 240.263802 
692 239.207707 6.867262 1.980112 0.198009 0.198009 0.039800 239.432000 6.920000 252.221343 
693 239.974211 6.885189 1.980113 0.198009 0.198009 0.039800 240.124500 6.930000 243.898629 
694 241.007402 6.929606 1.980113 0.198009 0.198009 0.039800 240.818000 6.940000 258.044640 
695 241.308722 6.900393 1.980113 0.198009 0.198009 0.039800 241.512500 6.950000 221.896955 
696 241.756528 6.886120 1.980114 0.198009 0.198009 0.039800 242.208000 6.960000 229.740671 
697 242.453859 6.896942 1.980114 0.198009 0.198009 0.039800 242.904500 6.970000 242.860759 
698 243.115162 6.904052 1.980114 0.198009 0.198009 0.039800 243.602000 6.980000 241.684956 
699 243.802587 6.913704 1.980114 0.198009 0.198009 0.039800 244.300500 6.990000 243.630332 
700 244.375930 6.911852 1.980115 0.198009 0.198009 0.039800 245.000000 7.000000 238.508544 
701 245.298599 6.944950 1.980115 0.198009 0.198009 0.039800 245.700500 7.010000 256.732788 
702 246.247747 6.980365 1.980115 0.198009 0.198009 0.039800 246.402000 7.020000 258.828889 
703 246.892726 6.985009 1.980115 0.198009 0.198009 0.039800 247.104500 7.030000 244.241519 
704 248.030153 7.038851 1.980116 0.198009 0.198009 0.039800 247.808000 7.040000 269.733160 
705 248.523742 7.027772 1.980116 0.198009 0.198009 0.039800 248.512500 7.050000 238.088858 
706 249.408825 7.055952 1.980116 0.198009 0.198009 0.039800 249.218000 7.060000 258.408613 
707 249.984509 7.052911 1.980116 0.198009 0.198009 0.039800 249.924500 7.070000 243.528902 
708 251.010450 7.094926 1.980116 0.198009 0.198009 0.039800 250.632000 7.080000 266.858509 
709 252.153189 7.148200 1.980117 0.198009 0.198009 0.039800 251.340500 7.090000 273.575038 
710 252.987264 7.170076 1.980117 0.198009 0.198009 0.039800 252.050000 7.100000 258.865897 
711 253.645441 7.174143 1.980117 0.198010 0.198010 0.039800 252.760500 7.110000 250.708462 
712 254.465233 7.194330 1.980117 0.198010 0.198010 0.039800 253.472000 7.120000 259.508357 
713 254.759074 7.161721 1.980117 0.198010 0.198010 0.039800 254.184500 7.130000 233.666674 
714 255.558999 7.180047 1.980118 0.198010 0.198010 0.039800 254.898000 7.140000 259.680192 
715 256.251279 7.187424 1.980118 0.198010 0.198010 0.039800 255.612500 7.150000 254.953073 
716 256.831357 7.183508 1.980118 0.198010 0.198010 0.039800 256.328000 7.160000 249.942433 
717 257.576664 7.196154 1.980118 0.198010 0.198010 0.039800 257.044500 7.170000 258.886308 
718 258.321224 7.208598 1.980118 0.198010 0.198010 0.039800 257.762000 7.180000 259.531298 
719 258.750460 7.189386 1.980119 0.198010 0.198010 0.039800 258.480500 7.190000 244.289708 
720 259.245083 7.176905 1.980119 0.198010 0.198010 0.039800 259.200000 7.200000 248.116285 
721 259.889838 7.179561 1.980119 0.198010 0.198010 0.039800 259.920500 7.210000 256.254617 
722 260.671456 7.195877 1.980119 0.198010 0.198010 0.039800 260.642000 7.220000 263.798094 
723 261.488710 7.215594 1.980119 0.198010 0.198010 0.039800 261.364500 7.230000 266.298625 
724 262.007939 7.205311 1.980119 0.198010 0.198010 0.039800 262.088000 7.240000 251.967442 
725 262.526986 7.195113 1.980120 0.198010 0.198010 0.039800 262.812500 7.250000 252.528362 
726 263.163460 7.196759 1.980120 0.198010 0.198010 0.039800 263.538000 7.260000 259.028207 
727 264.050910 7.223486 1.980120 0.198010 0.198010 0.039800 264.264500 7.270000 272.331304 
728 264.767160 7.232826 1.980120 0.198010 0.198010 0.039800 264.992000 7.280000 264.440530 
729 265.742024 7.267934 1.980120 0.198010 0.198010 0.039800 265.720500 7.290000 278.171022 
730 266.333360 7.264339 1.980120 0.198010 0.198010 0.039800 266.450000 7.300000 259.603223 
731 267.054922 7.273802 1.980120 0.198010 0.198010 0.039800 267.180500 7.310000 266.788991 
732 267.879366 7.293458 1.980121 0.198010 0.198010 0.039800 267.912000 7.320000 272.659492 
733 268.500722 7.292609 1.980121 0.198010 0.198010 0.039800 268.644500 7.330000 263.130232 
734 269.262977 7.305858 1.980121 0.198010 0.198010 0.039800 269.378000 7.340000 270.871535 
735 269.854751 7.301927 1.980121 0.198010 0.198010 0.039800 270.112500 7.350000 262.958536 
736 270.417100 7.295093 1.980121 0.198010 0.198010 0.039800 270.848000 7.360000 262.083761 
737 271.368714 7.327253 1.980121 0.198010 0.198010 0.039800 271.584500 7.370000 282.338552 
738 272.220964 7.349156 1.980121 0.198010 0.198010 0.039800 272.322000 7.380000 278.112952 
739 272.833739 7.346892 1.980121 0.198010 0.198010 0.039800 273.060500 7.390000 266.762772 
740 273.882802 7.388279 1.980121 0.198010 0.198010 0.039800 273.800000 7.400000 289.420176 
741 274.563768 7.392443 1.980122 0.198010 0.198010 0.039800 274.540500 7.410000 271.674704 
742 275.266755 7.398767 1.980122 0.198010 0.198010 0.039800 275.282000 7.420000 273.447199 
743 275.931202 7.401174 1.980122 0.198010 0.198010 0.039800 276.024500 7.430000 272.172540 
744 276.564114 7.400404 1.980122 0.198010 0.198010 0.039800 276.768000 7.440000 271.232494 
745 277.531940 7.433132 1.980122 0.198010 0.198010 0.039800 277.512500 7.450000 288.783052 
746 278.862995 7.501856 1.980122 0.198010 0.198010 0.039800 278.258000 7.460000 307.932593 
747 279.496940 7.500182 1.980122 0.198010 0.198010 0.039800 279.004500 7.470000 273.718054 
748 280.426338 7.528069 1.980122 0.198010 0.198010 0.039800 279.752000 7.480000 289.281204 
749 281.098047 7.529910 1.980122 0.198010 0.198010 0.039800 280.500500 7.490000 277.058806 
750 281.894578 7.544214 1.980122 0.198010 0.198010 0.039800 281.250000 7.500000 284.025144 
751 282.339378 7.523202 1.980122 0.198010 0.198010 0.039800 282.000500 7.510000 266.987792 
752 283.209873 7.544969 1.980122 0.198010 0.198010 0.039800 282.752000 7.520000 289.034983 
753 283.702248 7.528707 1.980123 0.198010 0.198010 0.039800 283.504500 7.530000 270.701967 
754 284.468903 7.540036 1.980123 0.198010 0.198010 0.039800 284.258000 7.540000 285.126475 
755 285.264836 7.554179 1.980123 0.198010 0.198010 0.039800 285.012500 7.550000 287.315696 
756 285.974605 7.559564 1.980123 0.198010 0.198010 0.039800 285.768000 7.560000 283.690127 
757 286.713617 7.567819 1.980123 0.198010 0.198010 0.039800 286.524500 7.570000 285.850099 
758 287.547197 7.585449 1.980123 0.198010 0.198010 0.039800 287.282000 7.580000 291.324122 
759 288.346948 7.599520 1.980123 0.198010 0.198010 0.039800 288.040500 7.590000 290.361986 
760 289.276260 7.626405 1.980123 0.198010 0.198010 0.039800 288.800000 7.600000 297.635121 
761 289.763781 7.608844 1.980123 0.198010 0.198010 0.039800 289.560500 7.610000 276.120120 
762 290.517003 7.618028 1.980123 0.198010 0.198010 0.039800 290.322000 7.620000 290.112920 
763 291.496958 7.649793 1.980123 0.198010 0.198010 0.039800 291.084500 7.630000 302.271191 
764 292.242228 7.657772 1.980123 0.198010 0.198010 0.039800 291.848000 7.640000 291.241819 
765 293.142837 7.681205 1.980123 0.198010 0.198010 0.039800 292.612500 7.650000 299.792520 
766 293.766165 7.676676 1.980123 0.198010 0.198010 0.039800 293.378000 7.660000 286.573878 
767 294.998916 7.733133 1.980123 0.198010 0.198010 0.039800 294.144500 7.670000 317.996706 
768 295.764130 7.742273 1.980123 0.198010 0.198010 0.039800 294.912000 7.680000 295.338455 
769 296.346214 7.733009 1.980123 0.198010 0.198010 0.039800 295.680500 7.690000 286.810012 
770 297.155616 7.746569 1.980123 0.198010 0.198010 0.039800 296.450000 7.700000 298.917912 
771 298.153172 7.778809 1.980123 0.198010 0.198010 0.039800 297.220500 7.710000 309.162331 
772 298.579818 7.753636 1.980124 0.198010 0.198010 0.039800 297.992000 7.720000 281.168311 
773 299.288851 7.756953 1.980124 0.198010 0.198010 0.039800 298.764500 7.730000 295.980600 
774 300.293358 7.789784 1.980124 0.198010 0.198010 0.039800 299.538000 7.740000 311.595232 
775 301.150542 7.807554 1.980124 0.198010 0.198010 0.039800 300.312500 7.750000 304.997106 
776 301.621089 7.786484 1.980124 0.198010 0.198010 0.039800 301.088000 7.760000 286.240431 
777 302.506001 7.807060 1.980124 0.198010 0.198010 0.039800 301.864500 7.770000 307.741475 
778 303.181369 7.806476 1.980124 0.198010 0.198010 0.039800 302.642000 7.780000 297.942178 
779 303.702750 7.790500 1.980124 0.198010 0.198010 0.039800 303.420500 7.790000 290.843848 
780 304.305391 7.782809 1.980124 0.198010 0.198010 0.039800 304.200000 7.800000 295.548031 
781 305.267879 7.811180 1.980124 0.198010 0.198010 0.039800 304.980500 7.810000 314.361730 
782 306.054248 7.821655 1.980124 0.198010 0.198010 0.039800 305.762000 7.820000 306.289463 
783 306.692701 7.817234 1.980124 0.198010 0.198010 0.039800 306.544500 7.830000 299.553878 
784 307.162413 7.795983 1.980124 0.198010 0.198010 0.039800 307.328000 7.840000 291.692542 
785 307.824897 7.794222 1.980124 0.198010 0.198010 0.039800 308.112500 7.850000 302.002740 
786 308.621885 7.805928 1.980124 0.198010 0.198010 0.039800 308.898000 7.860000 309.466698 
787 309.212312 7.796862 1.980124 0.198010 0.198010 0.039800 309.684500 7.870000 299.773972 
788 309.687539 7.776367 1.980124 0.198010 0.198010 0.039800 310.472000 7.880000 294.591475 
789 310.516130 7.791412 1.980124 0.198010 0.198010 0.039800 311.260500 7.890000 313.013745 
790 311.074546 7.779290 1.980124 0.198010 0.198010 0.039800 312.050000 7.900000 300.123472 
791 311.959327 7.799925 1.980124 0.198010 0.198010 0.039800 312.840500 7.910000 317.223935 
792 312.955263 7.831469 1.980124 0.198010 0.198010 0.039800 313.632000 7.920000 323.620109 
793 313.580748 7.825653 1.980124 0.198010 0.198010 0.039800 314.424500 7.930000 305.751447 
794 314.421146 7.841386 1.980124 0.198010 0.198010 0.039800 315.218000 7.940000 317.259219 
795 315.613662 7.892173 1.980124 0.198010 0.198010 0.039800 316.012500 7.950000 335.804362 
796 316.478135 7.909649 1.980124 0.198010 0.198010 0.039800 316.808000 7.960000 320.178703 
797 317.264665 7.919155 1.980124 0.198010 0.198010 0.039800 317.604500 7.970000 317.020347 
798 317.863417 7.909789 1.980124 0.198010 0.198010 0.039800 318.402000 7.980000 308.276721 
799 318.598618 7.914161 1.980124 0.198010 0.198010 0.039800 319.200500 7.990000 315.812755 
800 319.234768 7.908585 1.980124 0.198010 0.198010 0.039800 320.000000 8.000000 311.524062 
801 319.950828 7.911055 1.980124 0.198010 0.198010 0.039800 320.800500 8.010000 316.223414 
802 320.835261 7.930338 1.980124 0.198010 0.198010 0.039800 321.602000 8.020000 325.430396 
803 321.576220 7.935080 1.980124 0.198010 0.198010 0.039800 322.404500 8.030000 318.973650 
804 321.998833 7.907941 1.980124 0.198010 0.198010 0.039800 323.208000 8.040000 303.614085 
805 322.775749 7.916504 1.980124 0.198010 0.198010 0.039800 324.012500 8.050000 322.064022 
806 323.757632 7.945477 1.980124 0.198010 0.198010 0.039800 324.818000 8.060000 333.149726 
807 324.356122 7.935821 1.980124 0.198010 0.198010 0.039800 325.624500 8.070000 314.626177 
808 325.322755 7.963076 1.980124 0.198010 0.198010 0.039800 326.432000 8.080000 333.864359 
809 325.817790 7.942899 1.980124 0.198010 0.198010 0.039800 327.240500 8.090000 310.879477 
810 326.673201 7.958961 1.980124 0.198010 0.198010 0.039800 328.050000 8.100000 329.674038 
811 327.998133 8.021814 1.980124 0.198010 0.198010 0.039800 328.860500 8.110000 354.161640 
812 328.921589 8.043891 1.980124 0.198010 0.198010 0.039800 329.672000 8.120000 334.900167 
813 329.428065 8.024050 1.980124 0.198010 0.198010 0.039800 330.484500 8.130000 314.656057 
814 330.212917 8.032245 1.980124 0.198010 0.198010 0.039800 331.298000 8.140000 329.319265 
815 330.766487 8.017230 1.980124 0.198010 0.198010 0.039800 332.112500 8.150000 318.383337 
816 331.522351 8.022594 1.980124 0.198010 0.198010 0.039800 332.928000 8.160000 329.227504 
817 332.338028 8.033886 1.980124 0.198010 0.198010 0.039800 333.744500 8.170000 332.977466 
818 332.890895 8.018784 1.980124 0.198010 0.198010 0.039800 334.562000 8.180000 320.464896 
819 333.673359 8.026793 1.980124 0.198010 0.198010 0.039800 335.380500 8.190000 332.687534 
820 334.780651 8.067204 1.980124 0.198010 0.198010 0.039800 336.200000 8.200000 349.834828 
821 335.431658 8.061582 1.980124 0.198010 0.198010 0.039800 337.020500 8.210000 327.698775 
822 335.931187 8.040870 1.980124 0.198010 0.198010 0.039800 337.842000 8.220000 320.727702 
823 337.016474 8.078940 1.980124 0.198010 0.198010 0.039800 338.664500 8.230000 350.911677 
824 337.870193 8.093472 1.980124 0.198010 0.198010 0.039800 339.488000 8.240000 340.113864 
825 338.927427 8.128210 1.980124 0.198010 0.198010 0.039800 340.312500 8.250000 351.173528 
826 339.811015 8.145237 1.980124 0.198010 0.198010 0.039800 341.138000 8.260000 343.289357 
827 340.602383 8.152871 1.980124 0.198010 0.198010 0.039800 341.964500 8.270000 339.431407 
828 341.152371 8.136292 1.980124 0.198010 0.198010 0.039800 342.792000 8.280000 327.994810 
829 341.788763 8.128518 1.980124 0.198010 0.198010 0.039800 343.620500 8.290000 332.990434 
830 342.620119 8.140319 1.980124 0.198010 0.198010 0.039800 344.450000 8.300000 343.511336 
831 343.499503 8.156804 1.980124 0.198010 0.198010 0.039800 345.280500 8.310000 346.709844 
832 344.764328 8.211668 1.980124 0.198010 0.198010 0.039800 346.112000 8.320000 366.973063 
833 345.552094 8.218278 1.980124 0.198010 0.198010 0.039800 346.944500 8.330000 343.873958 
834 345.977120 8.188548 1.980124 0.198010 0.198010 0.039800 347.778000 8.340000 326.309903 
835 346.979123 8.216813 1.980124 0.198010 0.198010 0.039800 348.612500 8.350000 356.020586 
836 347.772169 8.223899 1.980124 0.198010 0.198010 0.039800 349.448000 8.360000 346.329905 
837 348.591739 8.233567 1.980124 0.198010 0.198010 0.039800 350.284500 8.370000 348.427400 
838 349.087029 8.210711 1.980124 0.198010 0.198010 0.039800 351.122000 8.380000 332.822339 
839 349.886567 8.218508 1.980124 0.198010 0.198010 0.039800 351.960500 8.390000 348.795904 
840 350.718501 8.229466 1.980124 0.198010 0.198010 0.039800 352.800000 8.400000 351.192875 
841 351.646552 8.249926 1.980124 0.198010 0.198010 0.039800 353.640500 8.410000 356.824671 
842 352.504378 8.263160 1.980124 0.198010 0.198010 0.039800 354.482000 8.420000 354.104963 
843 353.113759 8.251416 1.980124 0.198010 0.198010 0.039800 355.324500 8.430000 342.350317 
844 354.217265 8.289202 1.980124 0.198010 0.198010 0.039800 356.168000 8.440000 367.972036 
845 354.888629 8.283397 1.980124 0.198010 0.198010 0.039800 357.012500 8.450000 347.064556 
846 355.833728 8.305023 1.980124 0.198010 0.198010 0.039800 357.858000 8.460000 361.588793 
847 356.650070 8.313557 1.980124 0.198010 0.198010 0.039800 358.704500 8.470000 355.924337 
848 357.614534 8.336817 1.980124 0.198010 0.198010 0.039800 359.552000 8.480000 364.178917 
849 358.539863 8.355932 1.980124 0.198010 0.198010 0.039800 360.400500 8.490000 363.051848 
850 359.120633 8.340400 1.980124 0.198010 0.198010 0.039800 361.250000 8.500000 346.481626 
851 360.086541 8.363537 1.980124 0.198010 0.198010 0.039800 362.100500 8.510000 366.589488 
852 360.635135 8.344711 1.980124 0.198010 0.198010 0.039800 362.952000 8.520000 346.365772 
853 361.303567 8.338057 1.980124 0.198010 0.198010 0.039800 363.804500 8.530000 353.059559 
854 362.055837 8.339854 1.980124 0.198010 0.198010 0.039800 364.658000 8.540000 357.994916 
855 362.919656 8.352787 1.980124 0.198010 0.198010 0.039800 365.512500 8.550000 364.371736 
856 363.804506 8.367694 1.980124 0.198010 0.198010 0.039800 366.368000 8.560000 366.233629 
857 364.500426 8.363560 1.980124 0.198010 0.198010 0.039800 367.224500 8.570000 357.503352 
858 365.466654 8.386497 1.980124 0.198010 0.198010 0.039800 368.082000 8.580000 371.870805 
859 365.980099 8.363926 1.980124 0.198010 0.198010 0.039800 368.940500 8.590000 349.857089 
860 366.977918 8.390019 1.980124 0.198010 0.198010 0.039800 369.800000 8.600000 374.944113 
861 367.981996 8.416476 1.980124 0.198010 0.198010 0.039800 370.660500 8.610000 376.128798 
862 368.720142 8.416076 1.980124 0.198010 0.198010 0.039800 371.522000 8.620000 363.571857 
863 369.437388 8.413590 1.980124 0.198010 0.198010 0.039800 372.384500 8.630000 363.256515 
864 370.394454 8.435111 1.980124 0.198010 0.198010 0.039800 373.248000 8.640000 376.097435 
865 371.344367 8.455701 1.980124 0.198010 0.198010 0.039800 374.112500 8.650000 376.586702 
866 372.000739 8.446731 1.980124 0.198010 0.198010 0.039800 374.978000 8.660000 362.610331 
867 372.966216 8.468762 1.980124 0.198010 0.198010 0.039800 375.844500 8.670000 378.921489 
868 373.702397 8.467642 1.980124 0.198010 0.198010 0.039800 376.712000 8.680000 368.198008 
869 374.855106 8.508186 1.980124 0.198010 0.198010 0.039800 377.580500 8.690000 389.975179 
870 375.968686 8.544412 1.980124 0.198010 0.198010 0.039800 378.450000 8.700000 388.951143 
871 376.788468 8.550896 1.980124 0.198010 0.198010 0.039800 379.320500 8.710000 375.048012 
872 377.692827 8.565773 1.980124 0.198010 0.198010 0.039800 380.192000 8.720000 380.106991 
873 378.464498 8.567233 1.980124 0.198010 0.198010 0.039800 381.064500 8.730000 374.236717 
874 379.301315 8.575192 1.980124 0.198010 0.198010 0.039800 381.938000 8.740000 378.291200 
875 379.819022 8.551161 1.980124 0.198010 0.198010 0.039800 382.812500 8.750000 362.972921 
876 380.632913 8.556989 1.980124 0.198010 0.198010 0.039800 383.688000 8.760000 378.567433 
877 381.581782 8.576256 1.980124 0.198010 0.198010 0.039800 384.564500 8.770000 386.169142 
878 382.168111 8.559076 1.980124 0.198010 0.198010 0.039800 385.442000 8.780000 368.713672 
879 382.898248 8.556449 1.980124 0.198010 0.198010 0.039800 386.320500 8.790000 376.647584 
880 383.934313 8.584441 1.980124 0.198010 0.198010 0.039800 387.200000 8.800000 392.840725 
881 385.081741 8.623289 1.980124 0.198010 0.198010 0.039800 388.080500 8.810000 399.362221 
882 385.998089 8.638641 1.980124 0.198010 0.198010 0.039800 388.962000 8.820000 388.647378 
883 387.224937 8.684889 1.980124 0.198010 0.198010 0.039800 389.844500 8.830000 405.168577 
884 387.865301 8.672027 1.980124 0.198010 0.198010 0.039800 390.728000 8.840000 376.547927 
885 388.706274 8.679354 1.980124 0.198010 0.198010 0.039800 391.612500 8.850000 387.383102 
886 389.580670 8.689950 1.980124 0.198010 0.198010 0.039800 392.498000 8.860000 389.875755 
887 390.441116 8.699045 1.980124 0.198010 0.198010 0.039800 393.384500 8.870000 389.993161 
888 391.234654 8.701358 1.980124 0.198010 0.198010 0.039800 394.272000 8.880000 387.429632 
889 392.404534 8.741282 1.980124 0.198010 0.198010 0.039800 395.160500 8.890000 407.217652 
890 393.061143 8.729481 1.980124 0.198010 0.198010 0.039800 396.050000 8.900000 382.268779 
891 393.813035 8.727325 1.980124 0.198010 0.198010 0.039800 396.940500 8.910000 387.795812 
892 394.506447 8.719344 1.980124 0.198010 0.198010 0.039800 397.832000 8.920000 385.604976 
893 395.858519 8.777307 1.980124 0.198010 0.198010 0.039800 398.724500 8.930000 419.601504 
894 397.077803 8.821412 1.980124 0.198010 0.198010 0.039800 399.618000 8.940000 413.960583 
895 397.743931 8.809761 1.980124 0.198010 0.198010 0.039800 400.512500 8.950000 387.026123 
896 398.903791 8.847599 1.980124 0.198010 0.198010 0.039800 401.408000 8.960000 412.684317 
897 399.910695 8.869763 1.980124 0.198010 0.198010 0.039800 402.304500 8.970000 405.932314 
898 400.805543 8.880500 1.980124 0.198010 0.198010 0.039800 403.202000 8.980000 401.170421 
899 401.956648 8.916755 1.980124 0.198010 0.198010 0.039800 404.100500 8.990000 414.953644 
900 402.883895 8.930262 1.980124 0.198010 0.198010 0.039800 405.000000 9.000000 404.619981 
901 403.997789 8.962299 1.980124 0.198010 0.198010 0.039800 405.900500 9.010000 414.906423 
902 404.813940 8.964241 1.980124 0.198010 0.198010 0.039800 406.802000 9.020000 400.825103 
903 405.552773 8.958432 1.980124 0.198010 0.198010 0.039800 407.704500 9.030000 397.726963 
904 406.228355 8.946356 1.980124 0.198010 0.198010 0.039800 408.608000 9.040000 395.300262 
905 406.921209 8.936128 1.980124 0.198010 0.198010 0.039800 409.512500 9.050000 396.907906 
906 408.274109 8.992006 1.980124 0.198010 0.198010 0.039800 410.418000 9.060000 430.984920 
907 409.077567 8.992382 1.980124 0.198010 0.198010 0.039800 411.324500 9.070000 404.313416 
908 409.727363 8.977388 1.980124 0.198010 0.198010 0.039800 412.232000 9.080000 397.354713 
909 410.741648 8.998993 1.980124 0.198010 0.198010 0.039800 413.140500 9.090000 416.486163 
910 411.370798 8.981868 1.980124 0.198010 0.198010 0.039800 414.050000 9.100000 397.943468 
911 412.323790 8.997299 1.980124 0.198010 0.198010 0.039800 414.960500 9.110000 415.011966 
912 413.390788 9.023975 1.980124 0.198010 0.198010 0.039800 415.872000 9.120000 421.646160 
913 413.997232 9.004330 1.980124 0.198010 0.198010 0.039800 416.784500 9.130000 399.322196 
914 414.967914 9.021305 1.980124 0.198010 0.198010 0.039800 417.698000 9.140000 418.420656 
915 415.917493 9.036000 1.980124 0.198010 0.198010 0.039800 418.612500 9.150000 418.241516 
916 417.232512 9.087091 1.980124 0.198010 0.198010 0.039800 419.528000 9.160000 437.573760 
917 418.210753 9.103995 1.980124 0.198010 0.198010 0.039800 420.444500 9.170000 421.627989 
918 419.251927 9.127022 1.980124 0.198010 0.198010 0.039800 421.362000 9.180000 425.700742 
919 419.952893 9.115798 1.980124 0.198010 0.198010 0.039800 422.280500 9.190000 409.446800 
920 420.983238 9.137625 1.980124 0.198010 0.198010 0.039800 423.200000 9.200000 426.837582 
921 422.024830 9.160358 1.980124 0.198010 0.198010 0.039800 424.120500 9.210000 428.327872 
922 423.016234 9.177844 1.980124 0.198010 0.198010 0.039800 425.042000 9.220000 426.722344 
923 424.287881 9.223180 1.980124 0.198010 0.198010 0.039800 425.964500 9.230000 441.780017 
924 425.174567 9.229567 1.980124 0.198010 0.198010 0.039800 426.888000 9.240000 423.385952 
925 426.052727 9.235037 1.980124 0.198010 0.198010 0.039800 427.812500 9.250000 423.810447 
926 427.111168 9.258481 1.980124 0.198010 0.198010 0.039800 428.738000 9.260000 433.766061 
927 428.148453 9.279575 1.980124 0.198010 0.198010 0.039800 429.664500 9.270000 433.640067 
928 428.939349 9.275818 1.980124 0.198010 0.198010 0.039800 430.592000 9.280000 422.129769 
929 429.890319 9.288107 1.980124 0.198010 0.198010 0.039800 431.520500 9.290000 431.023369 
930 430.682367 9.284381 1.980124 0.198010 0.198010 0.039800 432.450000 9.300000 423.887583 
931 432.073135 9.340564 1.980124 0.198010 0.198010 0.039800 433.380500 9.310000 454.934587 
932 432.909603 9.340755 1.980124 0.198010 0.198010 0.039800 434.312000 9.320000 428.054045 
933 434.659391 9.432275 1.980124 0.198010 0.198010 0.039800 435.244500 9.330000 475.013956 
934 435.887719 9.470735 1.980124 0.198010 0.198010 0.039800 436.178000 9.340000 449.975974 
935 436.703587 9.467564 1.980124 0.198010 0.198010 0.039800 437.112500 9.350000 430.183882 
936 437.480948 9.460575 1.980124 0.198010 0.198010 0.039800 438.048000 9.360000 429.070822 
937 438.577678 9.485592 1.980124 0.198010 0.198010 0.039800 438.984500 9.370000 446.011493 
938 440.012167 9.544134 1.980124 0.198010 0.198010 0.039800 439.922000 9.380000 464.041832 
939 440.966091 9.554036 1.980124 0.198010 0.198010 0.039800 440.860500 9.390000 440.917155 
940 442.113824 9.583218 1.980124 0.198010 0.198010 0.039800 441.800000 9.400000 451.609721 
941 443.326836 9.618637 1.980124 0.198010 0.198010 0.039800 442.740500 9.410000 455.909707 
942 444.072945 9.607012 1.980124 0.198010 0.198010 0.039800 443.682000 9.420000 433.367955 
943 444.990002 9.612597 1.980124 0.198010 0.198010 0.039800 444.624500 9.430000 442.804781 
944 445.986316 9.626053 1.980124 0.198010 0.198010 0.039800 445.568000 9.440000 447.696829 
945 446.926824 9.633793 1.980124 0.198010 0.198010 0.039800 446.512500 9.450000 445.808179 
946 448.267629 9.681485 1.980124 0.198010 0.198010 0.039800 447.458000 9.460000 466.926160 
947 448.902012 9.658059 1.980124 0.198010 0.198010 0.039800 448.404500 9.470000 432.355275 
948 449.833874 9.664615 1.980124 0.198010 0.198010 0.039800 449.352000 9.480000 448.128807 
949 450.824813 9.677012 1.980124 0.198010 0.198010 0.039800 450.300500 9.490000 452.011755 
950 451.779691 9.685680 1.980124 0.198010 0.198010 0.039800 451.250000 9.500000 451.120173 
951 453.229226 9.743726 1.980124 0.198010 0.198010 0.039800 452.200500 9.510000 477.013235 
952 454.285378 9.761854 1.980124 0.198010 0.198010 0.039800 453.152000 9.520000 458.308875 
953 454.991231 9.744771 1.980124 0.198010 0.198010 0.039800 454.104500 9.530000 441.584534 
954 456.195716 9.777722 1.980124 0.198010 0.198010 0.039800 455.058000 9.540000 467.556741 
955 456.969548 9.767278 1.980124 0.198010 0.198010 0.039800 456.012500 9.550000 446.849406 
956 458.131138 9.795714 1.980124 0.198010 0.198010 0.039800 456.968000 9.560000 467.257393 
957 458.756390 9.770232 1.980124 0.198010 0.198010 0.039800 457.924500 9.570000 441.192202 
958 459.753037 9.782145 1.980124 0.198010 0.198010 0.039800 458.882000 9.580000 460.699667 
959 460.437910 9.762761 1.980124 0.198010 0.198010 0.039800 459.840500 9.590000 445.892192 
960 461.072678 9.738561 1.980124 0.198010 0.198010 0.039800 460.800000 9.600000 444.142672 
961 461.642895 9.708147 1.980124 0.198010 0.198010 0.039800 461.760500 9.610000 441.637226 
962 462.487314 9.705458 1.980124 0.198010 0.198010 0.039800 462.722000 9.620000 456.205743 
963 463.328804 9.702502 1.980124 0.198010 0.198010 0.039800 463.684500 9.630000 456.915576 
964 464.386830 9.721230 1.980124 0.198010 0.198010 0.039800 464.648000 9.640000 468.707116 
965 465.690781 9.764362 1.980124 0.198010 0.198010 0.039800 465.612500 9.650000 482.092135 
966 466.702890 9.777879 1.980124 0.198010 0.198010 0.039800 466.578000 9.660000 468.444032 
967 467.509566 9.770718 1.980124 0.198010 0.198010 0.039800 467.544500 9.670000 459.014426 
968 468.718280 9.803832 1.980124 0.198010 0.198010 0.039800 468.512000 9.680000 480.160257 
969 469.457579 9.789674 1.980124 0.198010 0.198010 0.039800 469.480500 9.690000 457.498695 
970 470.480196 9.803989 1.980124 0.198010 0.198010 0.039800 470.450000 9.700000 472.616205 
971 471.584065 9.826286 1.980124 0.198010 0.198010 0.039800 471.420500 9.710000 477.671334 
972 472.955743 9.875140 1.980124 0.198010 0.198010 0.039800 472.392000 9.720000 492.189638 
973 474.368506 9.927615 1.980124 0.198010 0.198010 0.039800 473.364500 9.730000 495.394388 
974 475.596418 9.961080 1.980124 0.198010 0.198010 0.039800 474.338000 9.740000 487.212057 
975 476.576147 9.969392 1.980124 0.198010 0.198010 0.039800 475.312500 9.750000 475.740601 
976 477.685933 9.990626 1.980124 0.198010 0.198010 0.039800 476.288000 9.760000 483.247319 
977 478.116624 9.943740 1.980124 0.198010 0.198010 0.039800 477.264500 9.770000 449.956427 
978 479.069280 9.949518 1.980124 0.198010 0.198010 0.039800 478.242000 9.780000 476.979401 
979 480.383780 9.991422 1.980124 0.198010 0.198010 0.039800 479.220500 9.790000 496.177231 
980 481.587447 10.021825 1.980124 0.198010 0.198010 0.039800 480.200000 9.800000 491.687073 
981 482.478990 10.020711 1.980124 0.198010 0.198010 0.039800 481.180500 9.810000 476.977367 
982 483.242874 10.006842 1.980124 0.198010 0.198010 0.039800 482.162000 9.820000 471.427421 
983 484.322099 10.024647 1.980124 0.198010 0.198010 0.039800 483.144500 9.830000 488.185285 
984 485.213428 10.023483 1.980124 0.198010 0.198010 0.039800 484.128000 9.840000 479.687220 
985 486.489734 10.060828 1.980124 0.198010 0.198010 0.039800 485.112500 9.850000 500.026425 
986 487.405014 10.061698 1.980124 0.198010 0.198010 0.039800 486.098000 9.860000 482.885329 
987 488.342959 10.064826 1.980124 0.198010 0.198010 0.039800 487.084500 9.870000 484.940964 
988 489.326179 10.072450 1.980124 0.198010 0.198010 0.039800 488.072000 9.880000 488.149914 
989 490.806398 10.129697 1.980124 0.198010 0.198010 0.039800 489.060500 9.890000 514.194734 
990 491.548415 10.112552 1.980124 0.198010 0.198010 0.039800 490.050000 9.900000 478.110980 
991 492.246436 10.091179 1.980124 0.198010 0.198010 0.039800 491.040500 9.910000 476.716018 
992 493.529563 10.128529 1.980124 0.198010 0.198010 0.039800 492.032000 9.920000 507.068770 
993 494.104870 10.094725 1.980124 0.198010 0.198010 0.039800 493.024500 9.930000 472.420797 
994 495.161616 10.109402 1.980124 0.198010 0.198010 0.039800 494.018000 9.940000 497.477004 
995 496.119628 10.114060 1.980124 0.198010 0.198010 0.039800 495.012500 9.950000 493.474818 
996 497.085567 10.119463 1.980124 0.198010 0.198010 0.039800 496.008000 9.960000 494.810115 
997 498.466993 10.166360 1.980124 0.198010 0.198010 0.039800 497.004500 9.970000 516.732147 
998 498.970023 10.124951 1.980124 0.198010 0.198010 0.039800 498.002000 9.980000 473.520832 
999 500.229657 10.159614 1.980124 0.198010 0.198010 0.039800 499.000500 9.990000 512.438744 
